##FastQC	0.10.1
>>Basic Statistics	pass
#Measure	Value	
Filename	SRR6819022_1_paired.fastq	
File type	Conventional base calls	
Encoding	Sanger / Illumina 1.9	
Total Sequences	20559906	
Filtered Sequences	0	
Sequence length	36-91	
%GC	47	
>>END_MODULE
>>Per base sequence quality	pass
#Base	Mean	Median	Lower Quartile	Upper Quartile	10th Percentile	90th Percentile
1	39.354806096876125	40.0	38.0	40.0	38.0	40.0
2	39.29691244697325	40.0	38.0	40.0	38.0	40.0
3	39.27643890978879	40.0	38.0	40.0	38.0	40.0
4	39.28142589756977	40.0	38.0	40.0	38.0	40.0
5	39.28880389822794	40.0	38.0	40.0	38.0	40.0
6	39.28940302548076	40.0	38.0	40.0	38.0	40.0
7	39.285734137111326	40.0	38.0	40.0	38.0	40.0
8	39.28440986062874	40.0	38.0	40.0	38.0	40.0
9	39.285585498299454	40.0	38.0	40.0	38.0	40.0
10-14	39.28578553812454	40.0	38.0	40.0	38.0	40.0
15-19	39.27884041882293	40.0	38.0	40.0	38.0	40.0
20-24	39.26375544713094	40.0	38.0	40.0	38.0	40.0
25-29	39.25331532157783	40.0	38.0	40.0	38.0	40.0
30-34	39.24993078275747	40.0	38.0	40.0	38.0	40.0
35-39	39.223285106417435	40.0	38.0	40.0	38.0	40.0
40-44	39.22236964955776	40.0	38.0	40.0	38.0	40.0
45-49	39.223674339601835	40.0	38.0	40.0	38.0	40.0
50-54	39.21705740178283	40.0	38.0	40.0	38.0	40.0
55-59	39.21317199554306	40.0	38.0	40.0	38.0	40.0
60-64	39.217084425450096	40.0	38.0	40.0	38.0	40.0
65-69	39.21232603299258	40.0	38.0	40.0	38.0	40.0
70-74	39.20143272440148	40.0	38.0	40.0	38.0	40.0
75-79	39.19891019407438	40.0	38.0	40.0	38.0	40.0
80-84	39.18473660993568	40.0	38.0	40.0	38.0	40.0
85-89	39.1680554524878	40.0	38.0	40.0	38.0	40.0
90-91	38.70821209775957	39.0	38.0	40.0	38.0	40.0
>>END_MODULE
>>Per sequence quality scores	pass
#Quality	Count
31	1.0
32	429.0
33	9496.0
34	76797.0
35	329327.0
36	856146.0
37	1653421.0
38	3113700.0
39	1.2687312E7
40	1833277.0
>>END_MODULE
>>Per base sequence content	pass
#Base	G	A	T	C
1	25.980196602066176	30.071786320423836	22.996277317610303	20.95173975989968
2	24.565900252656796	24.998713515518993	27.85108064210021	22.584305589724
3	24.06893786382097	26.551274115747415	29.759513491939117	19.620274528492494
4	23.183768447190374	26.227945789246316	29.56757195290679	21.020713810656527
5	23.97539658012055	26.088917916258957	27.87254474801587	22.06314075560462
6	25.87626616580835	26.32526140926909	26.652738587423503	21.145733837499062
7	24.683191644942344	26.531847956892413	27.133363352925837	21.65159704523941
8	24.84864959985712	25.97071212290562	26.980935613227025	22.199702664010236
9	25.33183274281507	27.07085333950457	25.90303671621845	21.694277201461915
10-14	24.548133634463117	26.69323779982263	26.720537535531534	22.038091030182724
15-19	24.69867809706912	26.429882510163228	26.65566077977205	22.215778612995603
20-24	24.969498887193335	26.401602738876388	26.333273631373093	22.295624742557184
25-29	24.548984071707178	26.49981791258985	26.412869070635526	22.53832894506744
30-34	24.580924575188167	26.798969107966798	26.456087136754363	22.164019180090676
35-39	24.718463178674828	26.81494310573648	25.90579661094799	22.56079710464071
40-44	24.402573280736455	26.731894187207452	26.216702402110503	22.648830129945594
45-49	24.632556629445233	26.545010080528698	26.016330117268833	22.80610317275724
50-54	25.345100975843522	25.814553916511763	25.725519056743053	23.114826050901662
55-59	24.796585475487316	25.9180565592559	26.589362371981494	22.695995593275292
60-64	25.177439149646307	26.53615802808837	25.875039280635836	22.411363541629488
65-69	25.200701203753606	25.86730752887204	26.0484949329928	22.883496334381555
70-74	24.415058532676856	25.988949823530007	26.48043523304771	23.115556410745427
75-79	24.999983169082277	26.262714100749058	25.553682620098545	23.183620110070123
80-84	25.390701119434183	26.250252494669873	25.443685303715103	22.915361082180834
85-89	25.54938712224469	26.562488567518255	25.405029255678972	22.48309505455808
90-91	25.456855233979997	27.48772946173824	24.609633416885753	22.445781887396006
>>END_MODULE
>>Per base GC content	pass
#Base	%GC
1	46.93193636196586
2	47.1502058423808
3	43.689212392313465
4	44.2044822578469
5	46.038537335725174
6	47.022000003307404
7	46.33478869018175
8	47.04835226386736
9	47.02610994427698
10-14	46.58622466464584
15-19	46.91445671006472
20-24	47.26512362975052
25-29	47.087313016774615
30-34	46.74494375527885
35-39	47.27926028331554
40-44	47.05140341068205
45-49	47.43865980220247
50-54	48.459927026745184
55-59	47.492581068762604
60-64	47.588802691275795
65-69	48.08419753813516
70-74	47.530614943422286
75-79	48.1836032791524
80-84	48.30606220161502
85-89	48.03248217680277
90-91	47.90263712137601
>>END_MODULE
>>Per sequence GC content	fail
#GC Content	Count
0	25.0
1	20.5
2	16.0
3	17.5
4	33.5
5	58.5
6	98.0
7	197.5
8	321.0
9	510.5
10	763.5
11	1000.5
12	1325.0
13	1724.0
14	2217.5
15	3073.5
16	4344.5
17	5869.5
18	16185.5
19	22124.0
20	21827.5
21	48076.0
22	72066.0
23	58726.5
24	49714.0
25	77865.0
26	114565.0
27	127368.5
28	157094.5
29	188629.5
30	201706.0
31	232880.0
32	270819.5
33	291861.5
34	312544.5
35	349457.0
36	391711.0
37	464697.5
38	564697.5
39	591531.5
40	613194.5
41	665415.5
42	696301.0
43	765339.0
44	813842.5
45	859349.5
46	940525.0
47	976079.5
48	960538.0
49	956983.5
50	1007028.5
51	1074795.5
52	1056952.0
53	990326.5
54	919710.0
55	828250.5
56	780244.5
57	735292.0
58	642245.5
59	529189.0
60	441366.0
61	349692.5
62	248497.0
63	186495.0
64	141391.5
65	108702.5
66	84957.5
67	72486.5
68	58087.0
69	37345.5
70	23950.0
71	14693.0
72	8622.0
73	6116.5
74	4046.5
75	2498.5
76	1582.5
77	630.0
78	397.5
79	281.5
80	188.5
81	147.5
82	112.0
83	83.0
84	69.5
85	50.5
86	30.5
87	17.5
88	8.5
89	1.5
90	0.5
91	0.0
92	0.0
93	0.0
94	0.5
95	1.0
96	0.5
97	0.5
98	0.5
99	0.5
100	1.0
>>END_MODULE
>>Per base N content	pass
#Base	N-Count
1	0.0
2	0.0
3	0.0
4	0.0
5	0.0
6	0.0
7	0.0
8	0.0
9	0.0
10-14	0.0
15-19	0.0
20-24	1.9455341867808153E-6
25-29	9.727670933904076E-7
30-34	1.5564273494246522E-5
35-39	9.739449942942894E-7
40-44	2.9355369874578105E-5
45-49	1.966500719242722E-6
50-54	5.927884850362551E-6
55-59	1.7873470130253907E-5
60-64	9.983958175362155E-7
65-69	1.8084376819457847E-5
70-74	2.0252364716735237E-6
75-79	2.8561549189852676E-5
80-84	2.8683837016389226E-5
85-89	3.190159851089101E-5
90-91	0.0
>>END_MODULE
>>Sequence Length Distribution	warn
#Length	Count
36-37	41466.0
38-39	39510.0
40-41	39479.0
42-43	40397.0
44-45	38848.0
46-47	39176.0
48-49	38586.0
50-51	38763.0
52-53	40137.0
54-55	40767.0
56-57	42272.0
58-59	42733.0
60-61	44686.0
62-63	48063.0
64-65	50144.0
66-67	54474.0
68-69	62148.0
70-71	64978.0
72-73	74640.0
74-75	55228.0
76-77	33261.0
78-79	33242.0
80-81	33799.0
82-83	33920.0
84-85	35037.0
86-87	36696.0
88-89	83129.0
90-91	1.9334327E7
>>END_MODULE
>>Sequence Duplication Levels	fail
#Total Duplicate Percentage	80.06608974463839
#Duplication Level	Relative count
1	100.0
2	34.49866233361236
3	21.300901078339653
4	15.123016068409736
5	11.796083838035681
6	9.437523593808985
7	7.888128415973214
8	6.7638321269716215
9	5.756068737997932
10++	115.69747402629376
>>END_MODULE
>>Overrepresented sequences	warn
#Sequence	Count	Percentage	Possible Source
AATTTCATCATAATTTTTGTTATAAAAAGTAACCTAAAACTTTAATAAAA	44959	0.21867317875869666	No Hit
AATTTCTTAATCCAACATCGAGGTCGCAAACCTTTTTATCGATAAGAACT	29325	0.1426319750683685	No Hit
CTTCAATGAAGTTGTCGGCGGTTTTCTTGATGACGGCCAAAACCTCGTTT	26316	0.12799669414830983	No Hit
ACTCGTAGGCGACATCCATCAGGTCACGGGGAATAGAGCACTGGCGAGGA	26147	0.12717470595439492	No Hit
AAAATCAACATTAAATTCTACTAATTTAAGCATCTTTACCTTAAATCAAA	24157	0.11749567337516037	No Hit
ATCCTTTCGTACTAAAAATAGGCCATAAAATTTGAGGATAGAAACCAACC	22330	0.108609445977039	No Hit
AATCCTTTCGTACTAAAAATAGGCCATAAAATTTGAGGATAGAAACCAAC	22129	0.10763181504818164	No Hit
ACTAATGCATTGAGCAGGCGATACCCCCTATAAAAACAGGGGGAGATGTT	21230	0.10325922696339175	No Hit
>>END_MODULE
>>Kmer Content	warn
#Sequence	Count	Obs/Exp Overall	Obs/Exp Max	Max Obs/Exp Position
AATTT	4282080	1.9414861	5.9214616	1
ATTTC	3550930	1.8917975	5.806559	2
>>END_MODULE
