##FastQC	0.10.1
>>Basic Statistics	pass
#Measure	Value	
Filename	SRR6819020_1_paired.fastq	
File type	Conventional base calls	
Encoding	Sanger / Illumina 1.9	
Total Sequences	17635037	
Filtered Sequences	0	
Sequence length	36-91	
%GC	47	
>>END_MODULE
>>Per base sequence quality	pass
#Base	Mean	Median	Lower Quartile	Upper Quartile	10th Percentile	90th Percentile
1	39.36596628631967	40.0	38.0	40.0	38.0	40.0
2	39.30848061163694	40.0	38.0	40.0	38.0	40.0
3	39.28711071034328	40.0	38.0	40.0	38.0	40.0
4	39.29232283436661	40.0	38.0	40.0	38.0	40.0
5	39.301062424762705	40.0	38.0	40.0	38.0	40.0
6	39.30080413213763	40.0	38.0	40.0	38.0	40.0
7	39.298253868137614	40.0	38.0	40.0	38.0	40.0
8	39.29440692412497	40.0	38.0	40.0	38.0	40.0
9	39.29753546873761	40.0	38.0	40.0	38.0	40.0
10-14	39.296466142940325	40.0	38.0	40.0	38.0	40.0
15-19	39.289097448448786	40.0	38.0	40.0	38.0	40.0
20-24	39.27386538514209	40.0	38.0	40.0	38.0	40.0
25-29	39.26409590181184	40.0	38.0	40.0	38.0	40.0
30-34	39.26144596124182	40.0	38.0	40.0	38.0	40.0
35-39	39.234903820936275	40.0	38.0	40.0	38.0	40.0
40-44	39.23318816085989	40.0	38.0	40.0	38.0	40.0
45-49	39.23278073477328	40.0	38.0	40.0	38.0	40.0
50-54	39.22738157126059	40.0	38.0	40.0	38.0	40.0
55-59	39.22546088579244	40.0	38.0	40.0	38.0	40.0
60-64	39.22750092330426	40.0	38.0	40.0	38.0	40.0
65-69	39.22304720974534	40.0	38.0	40.0	38.0	40.0
70-74	39.212217903273924	40.0	38.0	40.0	38.0	40.0
75-79	39.20921717244791	40.0	38.0	40.0	38.0	40.0
80-84	39.1947247866094	40.0	38.0	40.0	38.0	40.0
85-89	39.17784702704692	40.0	38.0	40.0	38.0	40.0
90-91	38.716556468482736	39.0	38.0	40.0	38.0	40.0
>>END_MODULE
>>Per sequence quality scores	pass
#Quality	Count
31	3.0
32	340.0
33	8063.0
34	64237.0
35	275414.0
36	719508.0
37	1394967.0
38	2642053.0
39	1.093289E7
40	1597562.0
>>END_MODULE
>>Per base sequence content	pass
#Base	G	A	T	C
1	26.787162397220943	29.055623756275644	22.226122916555262	21.931090929948148
2	24.645403352428463	24.035934826788285	28.141086406566657	23.177575414216598
3	23.99450865847445	26.068845341106496	30.050907185610914	19.885738814808136
4	23.440517873594484	25.766676871729842	29.440913563152716	21.35189169152296
5	24.173229690416868	25.699407378617916	27.630285096651626	22.49707783431359
6	25.83769458493339	26.000988826958515	26.575232022478882	21.586084565629207
7	25.033755245310797	26.135465437356327	26.990002912951077	21.8407764043818
8	24.807007776621052	25.791372028309322	26.822319680985075	22.579300514084547
9	25.28875896319356	26.581032974299966	26.105468335564026	22.02473972694245
10-14	24.675678310173094	26.269943181860068	26.697560090177298	22.35681841778954
15-19	24.970212424277875	26.085200728526964	26.584195995732813	22.36039085146235
20-24	25.081965238654902	26.05993541221303	26.25713715550625	22.60096219362582
25-29	24.811302064436884	26.30267747785678	26.227187983267353	22.65883247443898
30-34	24.70605557764038	26.38357881513404	26.472735431692723	22.437630175532856
35-39	24.977300866225562	26.407345158547617	25.854840226076153	22.76051374915067
40-44	24.722105181530615	26.369023895537367	26.050567761457632	22.858303161474378
45-49	24.907274378887365	26.22460266747715	25.883517894414794	22.984605059220694
50-54	25.501558262124124	25.577015415163867	25.663629867573366	23.257796455138635
55-59	25.07341488091696	25.718454698308218	26.32816613195023	22.879964288824592
60-64	25.464419249985344	26.17280403566287	25.661108727837494	22.70166798651429
65-69	25.391242315973678	25.639587903314272	25.83166048163153	23.13750929908052
70-74	24.67860501717365	25.707426226171837	26.30819525804214	23.30577349861237
75-79	25.238576318414612	25.976831967359004	25.352620466879138	23.431971247347242
80-84	25.41347930060354	26.143484003333363	25.330325079176912	23.112711616886184
85-89	25.633792159588005	26.241496639133388	25.404230865148985	22.720480336129615
90-91	25.597097561940984	27.02393323987456	24.635751632843856	22.7432175653406
>>END_MODULE
>>Per base GC content	pass
#Base	%GC
1	48.718253327169094
2	47.82297876664506
3	43.88024747328259
4	44.79240956511744
5	46.670307524730454
6	47.4237791505626
7	46.8745316496926
8	47.3863082907056
9	47.31349869013601
10-14	47.03249672796264
15-19	47.330603275740216
20-24	47.68292743228072
25-29	47.47013453887586
30-34	47.143685753173244
35-39	47.73781461537623
40-44	47.58040834300499
45-49	47.891879438108056
50-54	48.75935471726276
55-59	47.95337916974155
60-64	48.166087236499635
65-69	48.5287516150542
70-74	47.98437851578603
75-79	48.67054756576186
80-84	48.52619091748973
85-89	48.35427249571762
90-91	48.340315127281585
>>END_MODULE
>>Per sequence GC content	warn
#GC Content	Count
0	21.0
1	84.0
2	147.0
3	155.5
4	166.0
5	187.0
6	264.0
7	367.5
8	469.0
9	610.0
10	783.5
11	978.5
12	1197.0
13	1433.0
14	1781.5
15	2480.5
16	3494.5
17	4691.5
18	12934.0
19	17555.5
20	16862.0
21	39232.0
22	60218.0
23	48480.5
24	40107.5
25	59568.5
26	83981.5
27	97024.0
28	125038.0
29	150522.5
30	161403.5
31	178031.5
32	199752.0
33	215666.0
34	234412.5
35	267676.0
36	304727.0
37	367846.5
38	455545.0
39	483238.5
40	502662.0
41	551906.0
42	587757.5
43	645760.0
44	683189.0
45	725681.5
46	797935.5
47	840666.5
48	844463.5
49	844503.0
50	878759.5
51	927482.0
52	921308.0
53	874168.5
54	820985.0
55	747170.5
56	702415.0
57	663766.0
58	582827.0
59	487672.0
60	407452.5
61	325201.5
62	238014.0
63	175294.0
64	126958.0
65	93813.5
66	75058.0
67	66491.5
68	52431.0
69	32436.0
70	19821.5
71	11805.5
72	7029.5
73	4539.0
74	2773.0
75	1565.0
76	963.5
77	558.5
78	398.5
79	287.0
80	182.5
81	129.5
82	76.0
83	50.0
84	38.0
85	23.5
86	10.5
87	6.0
88	4.5
89	2.5
90	1.0
91	0.0
92	0.0
93	0.0
94	0.0
95	0.0
96	0.0
97	0.0
98	0.0
99	0.0
100	0.0
>>END_MODULE
>>Per base N content	pass
#Base	N-Count
1	0.0
2	0.0
3	1.1341059278752861E-5
4	0.0
5	0.0
6	0.0
7	0.0
8	0.0
9	0.0
10-14	0.0
15-19	0.0
20-24	1.134105927875286E-6
25-29	2.268211855750572E-6
30-34	1.4743377062378717E-5
35-39	0.0
40-44	3.422148622705525E-5
45-49	2.2922594330171937E-6
50-54	1.4970055742960184E-5
55-59	1.5043200774692437E-5
60-64	1.1632029449134653E-6
65-69	1.871983649346013E-5
70-74	0.0
75-79	3.5585775734384544E-5
80-84	3.69261830473061E-5
85-89	4.307413238856127E-5
90-91	0.0
>>END_MODULE
>>Sequence Length Distribution	warn
#Length	Count
36-37	35259.0
38-39	33629.0
40-41	33178.0
42-43	33594.0
44-45	32905.0
46-47	33046.0
48-49	32656.0
50-51	32660.0
52-53	33097.0
54-55	33943.0
56-57	34974.0
58-59	34972.0
60-61	36853.0
62-63	38286.0
64-65	39703.0
66-67	42791.0
68-69	48284.0
70-71	49940.0
72-73	57089.0
74-75	43444.0
76-77	28005.0
78-79	28069.0
80-81	28381.0
82-83	28801.0
84-85	29518.0
86-87	31109.0
88-89	70691.0
90-91	1.663016E7
>>END_MODULE
>>Sequence Duplication Levels	fail
#Total Duplicate Percentage	77.62939408810698
#Duplication Level	Relative count
1	100.0
2	32.53196700374138
3	19.27786876624645
4	13.39233392934954
5	10.360164079755984
6	8.303156882484636
7	6.904271783390681
8	5.786365753609905
9	4.977987468634021
10++	98.97825792977027
>>END_MODULE
>>Overrepresented sequences	warn
#Sequence	Count	Percentage	Possible Source
AATTTCATCATAATTTTTGTTATAAAAAGTAACCTAAAACTTTAATAAAA	34923	0.19803190659594305	No Hit
ATCCTTTCGTACTAAAAATAGGCCATAAAATTTGAGGATAGAAACCAACC	23140	0.1312160558551706	No Hit
AAAATCAACATTAAATTCTACTAATTTAAGCATCTTTACCTTAAATCAAA	21810	0.12367425143479994	No Hit
AATTTCTTAATCCAACATCGAGGTCGCAAACCTTTTTATCGATAAGAACT	19162	0.10865868894973116	No Hit
>>END_MODULE
>>Kmer Content	warn
#Sequence	Count	Obs/Exp Overall	Obs/Exp Max	Max Obs/Exp Position
AAAAA	5515960	3.0222907	4.1597013	7
AATTT	3520450	1.9332517	5.378332	1
ATTTC	2950285	1.8592594	5.1392956	2
>>END_MODULE
