##FastQC	0.10.1
>>Basic Statistics	pass
#Measure	Value	
Filename	SRR6819017_1_paired.fastq	
File type	Conventional base calls	
Encoding	Sanger / Illumina 1.9	
Total Sequences	19287364	
Filtered Sequences	0	
Sequence length	36-91	
%GC	48	
>>END_MODULE
>>Per base sequence quality	pass
#Base	Mean	Median	Lower Quartile	Upper Quartile	10th Percentile	90th Percentile
1	39.36456148180747	40.0	38.0	40.0	38.0	40.0
2	39.30839227174849	40.0	38.0	40.0	38.0	40.0
3	39.289607123088466	40.0	38.0	40.0	38.0	40.0
4	39.29451079992061	40.0	38.0	40.0	38.0	40.0
5	39.30247974788053	40.0	38.0	40.0	38.0	40.0
6	39.30087647021127	40.0	38.0	40.0	38.0	40.0
7	39.29849796996624	40.0	38.0	40.0	38.0	40.0
8	39.291218644496986	40.0	38.0	40.0	38.0	40.0
9	39.29717041685945	40.0	38.0	40.0	38.0	40.0
10-14	39.29858800819024	40.0	38.0	40.0	38.0	40.0
15-19	39.29002575987056	40.0	38.0	40.0	38.0	40.0
20-24	39.27410442401564	40.0	38.0	40.0	38.0	40.0
25-29	39.267299844602924	40.0	38.0	40.0	38.0	40.0
30-34	39.26469297722591	40.0	38.0	40.0	38.0	40.0
35-39	39.237281987803414	40.0	38.0	40.0	38.0	40.0
40-44	39.23786191351805	40.0	38.0	40.0	38.0	40.0
45-49	39.237832576461855	40.0	38.0	40.0	38.0	40.0
50-54	39.23015461308819	40.0	38.0	40.0	38.0	40.0
55-59	39.22792741816723	40.0	38.0	40.0	38.0	40.0
60-64	39.22773195868744	40.0	38.0	40.0	38.0	40.0
65-69	39.22512448179496	40.0	38.0	40.0	38.0	40.0
70-74	39.21603481069551	40.0	38.0	40.0	38.0	40.0
75-79	39.214001292354546	40.0	38.0	40.0	38.0	40.0
80-84	39.197893471093145	40.0	38.0	40.0	38.0	40.0
85-89	39.18173786389115	40.0	38.0	40.0	38.0	40.0
90-91	38.709971933673096	39.0	38.0	40.0	38.0	40.0
>>END_MODULE
>>Per sequence quality scores	pass
#Quality	Count
31	4.0
32	362.0
33	8211.0
34	68281.0
35	293660.0
36	779084.0
37	1524750.0
38	2903440.0
39	1.1895954E7
40	1813618.0
>>END_MODULE
>>Per base sequence content	pass
#Base	G	A	T	C
1	25.859127250359354	28.67199996847677	21.547008704766498	23.921864076397377
2	24.17786069677536	23.81492359453578	27.4908743361716	24.51634137251726
3	22.76200224986692	25.45248928015717	29.774941240023324	22.010567229952585
4	22.33355994110963	25.60183444456173	28.536372310907804	23.52823330342083
5	23.42588650268642	25.536714089079254	27.217965088438213	23.819434319796112
6	24.998486055429865	25.645479600011694	25.905069246372907	23.450965098185527
7	24.3719411320282	26.000369983166184	26.058086527531703	23.569602357273915
8	23.267010463430875	26.61007486559594	26.48032670509044	23.64258796588274
9	23.80742127332693	26.757228203916306	25.864519381705037	23.570831141051727
10-14	23.80841985457422	26.53026717388649	25.985184911738067	23.676128059801226
15-19	24.348226123590557	26.02696978187377	26.177732737350734	23.447071357184942
20-24	24.33248678943347	25.806674790949657	25.582703278326747	24.278135141290125
25-29	23.973404265302534	26.356887121232965	25.957324991346407	23.712383622118097
30-34	23.669255736956448	26.413204999896045	26.076500564281446	23.84103869886606
35-39	24.165953228974956	26.38208475032449	25.471663334580004	23.98029868612055
40-44	24.029476600332554	27.02689694256421	25.001179293875225	23.94244716322801
45-49	23.843761024064847	26.51198740214068	25.144456841082835	24.499794732711642
50-54	24.4365139165365	25.881509081877397	24.921479778883064	24.76049722270304
55-59	24.395118278768976	25.59510168645604	25.862654321886954	24.147125712888037
60-64	24.94074676766014	26.016908188639835	24.76036616224567	24.28197888145435
65-69	24.690664031072032	25.948183460812267	24.962374917945944	24.39877759016975
70-74	24.028008881806	25.548042154246666	25.507508805567554	24.916440158379782
75-79	24.553748478862865	26.58034937745899	23.994411563896072	24.871490579782076
80-84	24.495610459691605	26.702651862128064	24.448369553590904	24.353368124589426
85-89	25.512887016240356	26.469435126893053	24.253270705649154	23.764407151217437
90-91	25.24517313673898	27.500676288132038	23.22562114064028	24.028529434488703
>>END_MODULE
>>Per base GC content	pass
#Base	%GC
1	49.78099132675673
2	48.69420206929262
3	44.77256947981951
4	45.86179324453046
5	47.24532082248253
6	48.44945115361539
7	47.94154348930211
8	46.90959842931362
9	47.37825241437866
10-14	47.48454791437544
15-19	47.795297480775496
20-24	48.610621930723596
25-29	47.68578788742063
30-34	47.5102944358225
35-39	48.146251915095505
40-44	47.97192376356057
45-49	48.34355575677648
50-54	49.19701113923954
55-59	48.54224399165702
60-64	49.22272564911449
65-69	49.08944162124179
70-74	48.94444904018578
75-79	49.42523905864494
80-84	48.848978584281035
85-89	49.27729416745779
90-91	49.27370257122769
>>END_MODULE
>>Per sequence GC content	warn
#GC Content	Count
0	12.0
1	60.0
2	108.5
3	110.5
4	127.0
5	160.5
6	231.0
7	318.0
8	408.5
9	548.0
10	703.5
11	929.5
12	1292.5
13	1686.0
14	2173.5
15	2987.5
16	4100.5
17	5509.0
18	14040.0
19	19175.0
20	19580.0
21	44720.0
22	68035.0
23	56359.5
24	46834.5
25	66239.5
26	92313.0
27	106302.0
28	136073.5
29	165785.0
30	179452.5
31	192172.0
32	209216.5
33	224767.5
34	242778.5
35	274356.5
36	313437.0
37	380591.0
38	464480.0
39	483050.5
40	491418.0
41	531886.5
42	580883.0
43	677440.5
44	742034.0
45	791021.5
46	855651.5
47	901939.0
48	912979.0
49	901070.0
50	924140.0
51	972258.0
52	958827.5
53	916099.5
54	909809.5
55	853426.0
56	796858.5
57	798570.5
58	734160.0
59	613383.0
60	538984.5
61	441248.5
62	318283.5
63	226987.0
64	164031.5
65	131324.5
66	117803.5
67	114946.5
68	88546.0
69	47694.0
70	26110.0
71	16710.5
72	9478.5
73	5837.0
74	3348.5
75	1792.5
76	1168.0
77	762.5
78	592.5
79	433.0
80	272.5
81	204.5
82	147.5
83	93.5
84	65.0
85	43.0
86	19.0
87	7.0
88	6.0
89	5.0
90	3.0
91	1.5
92	0.5
93	0.0
94	0.0
95	0.0
96	0.0
97	0.0
98	0.0
99	0.0
100	0.0
>>END_MODULE
>>Per base N content	pass
#Base	N-Count
1	0.0
2	0.0
3	5.184741678541453E-6
4	0.0
5	0.0
6	0.0
7	0.0
8	0.0
9	0.0
10-14	0.0
15-19	0.0
20-24	2.0738966714165814E-6
25-29	3.110845007124872E-6
30-34	1.555422503562436E-5
35-39	0.0
40-44	3.233084086885276E-5
45-49	2.0959542967943388E-6
50-54	2.1066740751371645E-6
55-59	1.1654880015870981E-5
60-64	2.1342901783060713E-6
65-69	2.2615914314891586E-5
70-74	1.089899119046531E-6
75-79	3.523602859258372E-5
80-84	3.206145185309664E-5
85-89	3.66418519902355E-5
90-91	0.0
>>END_MODULE
>>Sequence Length Distribution	warn
#Length	Count
36-37	37758.0
38-39	36263.0
40-41	36422.0
42-43	37084.0
44-45	36664.0
46-47	37524.0
48-49	38059.0
50-51	39771.0
52-53	42107.0
54-55	44991.0
56-57	48382.0
58-59	51835.0
60-61	57299.0
62-63	63354.0
64-65	69452.0
66-67	76217.0
68-69	86974.0
70-71	93841.0
72-73	105841.0
74-75	69902.0
76-77	28707.0
78-79	28989.0
80-81	29712.0
82-83	29984.0
84-85	30737.0
86-87	32669.0
88-89	73789.0
90-91	1.7923037E7
>>END_MODULE
>>Sequence Duplication Levels	fail
#Total Duplicate Percentage	80.85938747948826
#Duplication Level	Relative count
1	100.0
2	34.246783199805776
3	20.26584122359796
4	14.00370235494052
5	10.850631221170186
6	8.651978635591163
7	7.0344743869871325
8	6.072469045884923
9	5.3304806991988345
10++	97.01535566885167
>>END_MODULE
>>Overrepresented sequences	warn
#Sequence	Count	Percentage	Possible Source
ATCCTTATCCCGAAGTTACGGATCCAATTTGCCGATTTCCCTTACCCACA	42296	0.2192938340355893	No Hit
CCTTCGGTTTCAATTGATAAAACCCGTCACCTATTTAGCAGGCTAGAGTC	42295	0.2192886492939108	No Hit
GGGTAAAACTAACCTGTCTCACGACGGTCTAAACCCAGCTCACGTTCCCT	38121	0.19764753752767877	No Hit
GATTCTACCTTCAGAGGCCTTCAGGTATAATCATCCGGACGTAGCCTCGC	37200	0.19287239044174206	No Hit
AATTTCATCATAATTTTTGTTATAAAAAGTAACCTAAAACTTTAATAAAA	35944	0.186360354893494	No Hit
GGCCTCCACAGGTTGAGCACCGCAACTTTTTCTCTTTTACAAAAAAAAGC	29425	0.15256102389108228	No Hit
CGATCGCAGAACGACTTATGCAAGAGAGCCGCCAATTCAGGCAGTCTCCA	28591	0.1482369493311787	No Hit
ATCCTTTCGTACTAAAAATAGGCCATAAAATTTGAGGATAGAAACCAACC	26657	0.13820965892487952	No Hit
GCCTTCCTTGGATGTGGTAGCCGTTTCTCAGGCTCCCTCTCCGGAATCGA	25832	0.13393224704008283	No Hit
AAAATCAACATTAAATTCTACTAATTTAAGCATCTTTACCTTAAATCAAA	23607	0.1223961968053281	No Hit
TCTATTGACCATTACCTCGGGTCCAAAAGTAAAAGACCAGCAAAATCGGA	22778	0.11809804595381722	No Hit
AGAGAGTCATAGTTACTCCCGCCGTTTACCCGCGCTTCGTTGAATTTCTT	22677	0.11757438704428454	No Hit
GCCAGTTCTGAGTTGGTCGTTCGATGGCGGCCGAGATCTACCACGAGCGC	22673	0.11755364807757038	No Hit
GGCGGCCGAGATCTACCACGAGCGCCCGACTTTTGAGGGCCAAACACTCG	22447	0.11638189645822	No Hit
AATTTCTTAATCCAACATCGAGGTCGCAAACCTTTTTATCGATAAGAACT	20754	0.10760412879644932	No Hit
GGCGCCTTAACCGGGCGTTTGGTTCATCCCACAGCGCCAGTTCTGCTTAC	19956	0.10346670493697324	No Hit
CTTACCCACATTCATCCATCGACTAGAGGCTGTTCACCTTGGAGACCTGA	19752	0.10240901763455079	No Hit
CCACTCCGGCGATGTTGTCCGACCGTGAAGAGAGTCGGGCTTTGACACCC	19625	0.10175055544137603	No Hit
>>END_MODULE
>>Kmer Content	warn
#Sequence	Count	Obs/Exp Overall	Obs/Exp Max	Max Obs/Exp Position
AAAAA	6266630	3.074993	4.852936	40-44
CCTTC	2939035	1.9883482	5.0877905	1
AATTT	3580105	1.94541	5.5387716	1
TCCTT	2864435	1.8426725	6.1800923	2
GATCG	2459015	1.5830604	5.6065164	85-87
ATCGG	2432420	1.565939	5.6209364	85-87
CTTCG	2297745	1.5424037	5.101876	2
CGGAA	2344330	1.4587693	5.0940566	85-87
AGATC	2393645	1.4273833	5.434039	85-87
AGAGC	2218800	1.3806577	5.212487	85-87
TCGGA	2093085	1.3474826	5.051563	85-87
TTCGG	1890000	1.2588284	5.012343	3
ATCCT	1649510	1.0256418	5.3336334	1
>>END_MODULE
