##FastQC	0.10.1
>>Basic Statistics	pass
#Measure	Value	
Filename	SRR6819023_2_paired.fastq	
File type	Conventional base calls	
Encoding	Sanger / Illumina 1.9	
Total Sequences	30243340	
Filtered Sequences	0	
Sequence length	36-91	
%GC	47	
>>END_MODULE
>>Per base sequence quality	pass
#Base	Mean	Median	Lower Quartile	Upper Quartile	10th Percentile	90th Percentile
1	39.339767300833834	40.0	38.0	40.0	38.0	40.0
2	39.284886193125494	40.0	38.0	40.0	38.0	40.0
3	39.27124758707206	40.0	38.0	40.0	38.0	40.0
4	39.27795551020489	40.0	38.0	40.0	38.0	40.0
5	39.28179929862244	40.0	38.0	40.0	38.0	40.0
6	39.27744184339428	40.0	38.0	40.0	38.0	40.0
7	39.27773278348225	40.0	38.0	40.0	38.0	40.0
8	39.27875760415351	40.0	38.0	40.0	38.0	40.0
9	39.27972429632442	40.0	38.0	40.0	38.0	40.0
10-14	39.274293606460134	40.0	38.0	40.0	38.0	40.0
15-19	39.2620695200993	40.0	38.0	40.0	38.0	40.0
20-24	39.252709555227696	40.0	38.0	40.0	38.0	40.0
25-29	39.235937651066315	40.0	38.0	40.0	38.0	40.0
30-34	39.21943250976909	40.0	38.0	40.0	38.0	40.0
35-39	39.18334033197332	40.0	38.0	40.0	38.0	40.0
40-44	39.1833617057274	40.0	38.0	40.0	38.0	40.0
45-49	39.17193465038055	40.0	38.0	40.0	38.0	40.0
50-54	39.16245772350442	40.0	38.0	40.0	38.0	40.0
55-59	39.15102814421928	40.0	38.0	40.0	38.0	40.0
60-64	39.15706265692914	40.0	38.0	40.0	38.0	40.0
65-69	39.14545537635043	40.0	38.0	40.0	38.0	40.0
70-74	39.1197976901911	40.0	38.0	40.0	38.0	40.0
75-79	39.10727456086652	40.0	38.0	40.0	38.0	40.0
80-84	39.08674045765679	40.0	38.0	40.0	38.0	40.0
85-89	39.06427210417682	40.0	38.0	40.0	38.0	40.0
90-91	38.39643081711413	39.0	38.0	40.0	35.0	40.0
>>END_MODULE
>>Per sequence quality scores	pass
#Quality	Count
31	4.0
32	735.0
33	16144.0
34	128086.0
35	534848.0
36	1370636.0
37	2582281.0
38	4779280.0
39	1.9257753E7
40	1573573.0
>>END_MODULE
>>Per base sequence content	pass
#Base	G	A	T	C
1	24.329055587114386	27.362252317369705	22.432535559895168	25.876156535620737
2	23.39304799369461	24.268953610824628	26.03119689841002	26.306801497070744
3	22.204344993265455	25.384287403679128	27.69803177991566	24.713335823139758
4	22.889670754997287	26.046067570505006	26.76089002680063	24.303371647697077
5	22.184030121041644	26.51402574652047	26.58043051504614	24.721513617391746
6	22.87320212423698	25.129283051833244	26.070740226026697	25.926774597903073
7	23.18869188240345	26.39629437704888	25.888331234358535	24.526682506189132
8	22.090357360047847	26.1979961469859	26.94056634492967	24.771080148036578
9	22.54579248315092	24.71026262743427	26.430628339723228	26.31331654969159
10-14	22.720786099486496	26.245324366880222	26.232152540149222	24.80173699348406
15-19	22.852770720649563	25.728666931258275	26.451113649572854	24.967448698519306
20-24	22.519550008651493	26.017397484940236	26.54931101022351	24.913741496184763
25-29	22.745855331896824	26.130107382589745	26.393038673270276	24.73099861224315
30-34	22.93510574276734	25.72806155680791	26.43478452819867	24.90204817222608
35-39	22.68177813554898	25.881602967630396	26.557264370417055	24.879354526403567
40-44	22.742951610669873	26.20483542505473	26.45657234014219	24.595640624133203
45-49	22.962412789541293	25.95290441150685	26.15504518188801	24.929637617063843
50-54	22.732794350728735	25.963889565810412	26.4796870521195	24.823629031341355
55-59	22.873254577055942	26.315412212491374	26.356803862388333	24.45452934806435
60-64	22.834092590607792	26.16390971689967	26.28677795333823	24.715219739154307
65-69	22.730249787005754	26.011754011006637	26.446772762173765	24.811223439813844
70-74	22.622370042260258	26.247787348264712	26.47838461730459	24.651457992170446
75-79	22.830425456704013	26.391040010927195	26.00015989278079	24.778374639587998
80-84	22.79873564655088	26.583305579919266	25.991426925474766	24.626531848055087
85-89	23.401507469840606	26.948010189876705	25.269845059271045	24.380637281011648
90-91	23.80161668616139	26.46159086377613	24.762033094498364	24.974759355564114
>>END_MODULE
>>Per base GC content	pass
#Base	%GC
1	50.20521212273512
2	49.69984949076535
3	46.91768081640521
4	47.19304240269436
5	46.905543738433394
6	48.79997672214005
7	47.71537438859258
8	46.86143750808442
9	48.859109032842504
10-14	47.52252309297055
15-19	47.82021941916887
20-24	47.433291504836255
25-29	47.476853944139975
30-34	47.83715391499342
35-39	47.56113266195255
40-44	47.33859223480308
45-49	47.89205040660514
50-54	47.55642338207009
55-59	47.32778392512029
60-64	47.5493123297621
65-69	47.5414732268196
70-74	47.27382803443071
75-79	47.608800096292015
80-84	47.42526749460597
85-89	47.782144750852254
90-91	48.776376041725506
>>END_MODULE
>>Per sequence GC content	warn
#GC Content	Count
0	23.0
1	21.0
2	18.5
3	26.0
4	60.0
5	89.0
6	119.5
7	200.0
8	310.0
9	534.5
10	813.5
11	1043.5
12	1323.0
13	1826.5
14	2641.0
15	3707.5
16	5017.0
17	6789.5
18	10618.0
19	18921.5
20	39328.5
21	61579.5
22	71095.5
23	77896.0
24	98345.5
25	123171.5
26	142252.5
27	160001.0
28	187162.0
29	218164.0
30	271944.0
31	334676.0
32	370927.0
33	390060.5
34	429464.5
35	514627.5
36	589611.5
37	655900.5
38	730050.5
39	816362.5
40	900577.5
41	959238.0
42	1013954.0
43	1089672.5
44	1145110.5
45	1218328.0
46	1345108.5
47	1427206.5
48	1476620.0
49	1557296.5
50	1600249.5
51	1581341.0
52	1560355.5
53	1548884.5
54	1484897.0
55	1370853.0
56	1314250.5
57	1223938.5
58	1005690.0
59	778565.5
60	609464.5
61	470517.5
62	357121.5
63	265085.5
64	196902.0
65	152562.5
66	113743.5
67	89137.0
68	73522.5
69	49238.0
70	32410.5
71	21937.5
72	13904.0
73	9745.0
74	6582.5
75	3899.0
76	2387.0
77	1485.0
78	1002.0
79	681.0
80	390.0
81	244.0
82	156.5
83	92.5
84	56.5
85	37.5
86	22.5
87	13.0
88	9.0
89	8.0
90	7.0
91	7.5
92	7.5
93	4.5
94	2.0
95	2.5
96	2.0
97	0.0
98	1.0
99	32.0
100	62.0
>>END_MODULE
>>Per base N content	pass
#Base	N-Count
1	0.0
2	4.29846703439501E-5
3	8.266282758451944E-5
4	8.59693406879002E-5
5	9.919539310142332E-5
6	3.3065131033807776E-5
7	1.322605241352311E-5
8	1.322605241352311E-5
9	9.919539310142332E-6
10-14	8.596934068790021E-6
15-19	7.935631448113865E-6
20-24	9.919539310142332E-6
25-29	5.290420965409244E-6
30-34	1.454865765487542E-5
35-39	1.0595046272871312E-5
40-44	1.7306810070007377E-5
45-49	4.0154300126008205E-6
50-54	4.711099876259597E-6
55-59	1.963454013784436E-5
60-64	6.815410919934897E-6
65-69	1.236551157972797E-5
70-74	3.679723835754124E-5
75-79	1.8238183479170175E-5
80-84	3.5276772846389884E-6
85-89	4.187568251152117E-5
90-91	0.0
>>END_MODULE
>>Sequence Length Distribution	warn
#Length	Count
36-37	67814.0
38-39	65432.0
40-41	64073.0
42-43	64095.0
44-45	64408.0
46-47	64660.0
48-49	66718.0
50-51	70557.0
52-53	67441.0
54-55	70164.0
56-57	76335.0
58-59	75135.0
60-61	79054.0
62-63	87419.0
64-65	92716.0
66-67	105230.0
68-69	117451.0
70-71	131592.0
72-73	154939.0
74-75	111573.0
76-77	70495.0
78-79	63121.0
80-81	65671.0
82-83	65269.0
84-85	66283.0
86-87	68860.0
88-89	161671.0
90-91	2.7985164E7
>>END_MODULE
>>Sequence Duplication Levels	fail
#Total Duplicate Percentage	77.2094072938924
#Duplication Level	Relative count
1	100.0
2	35.782849659005606
3	21.283799971251057
4	14.657168868090272
5	10.71217517688585
6	8.533644247815879
7	7.032310616345371
8	5.762565683346377
9	5.0502307901167525
10++	110.61794253405951
>>END_MODULE
>>Overrepresented sequences	pass
>>END_MODULE
>>Kmer Content	warn
#Sequence	Count	Obs/Exp Overall	Obs/Exp Max	Max Obs/Exp Position
GAAGA	6844995	2.86752	5.7506013	85-87
GGAAG	3942675	1.8892993	5.2730618	85-87
AGATC	4419435	1.696201	5.8555474	85-87
GATCG	3218285	1.4129002	5.873732	85-87
ATCGG	2620420	1.1504239	5.3837676	85-87
>>END_MODULE
