##FastQC	0.10.1
>>Basic Statistics	pass
#Measure	Value	
Filename	SRR6819019_1_paired.fastq	
File type	Conventional base calls	
Encoding	Sanger / Illumina 1.9	
Total Sequences	20997996	
Filtered Sequences	0	
Sequence length	36-91	
%GC	47	
>>END_MODULE
>>Per base sequence quality	pass
#Base	Mean	Median	Lower Quartile	Upper Quartile	10th Percentile	90th Percentile
1	39.4036589015447	40.0	40.0	40.0	38.0	40.0
2	39.354124888870345	40.0	40.0	40.0	38.0	40.0
3	39.3333372384679	40.0	40.0	40.0	38.0	40.0
4	39.33657811916909	40.0	40.0	40.0	38.0	40.0
5	39.34547877807006	40.0	40.0	40.0	38.0	40.0
6	39.34583076404053	40.0	40.0	40.0	38.0	40.0
7	39.341086168413405	40.0	40.0	40.0	38.0	40.0
8	39.33818398670044	40.0	40.0	40.0	38.0	40.0
9	39.33923789679739	40.0	40.0	40.0	38.0	40.0
10-14	39.34096992874939	40.0	40.0	40.0	38.0	40.0
15-19	39.33367769952904	40.0	40.0	40.0	38.0	40.0
20-24	39.3193577901434	40.0	38.8	40.0	38.0	40.0
25-29	39.30977160868114	40.0	38.0	40.0	38.0	40.0
30-34	39.30863844340193	40.0	38.0	40.0	38.0	40.0
35-39	39.28294160920207	40.0	38.0	40.0	38.0	40.0
40-44	39.28107467216559	40.0	38.0	40.0	38.0	40.0
45-49	39.279258938519185	40.0	38.0	40.0	38.0	40.0
50-54	39.27185470873879	40.0	38.0	40.0	38.0	40.0
55-59	39.2675426594531	40.0	38.0	40.0	38.0	40.0
60-64	39.26966888571112	40.0	38.0	40.0	38.0	40.0
65-69	39.26408892654249	40.0	38.0	40.0	38.0	40.0
70-74	39.251431116799225	40.0	38.0	40.0	38.0	40.0
75-79	39.24841942785047	40.0	38.0	40.0	38.0	40.0
80-84	39.233610621168886	40.0	38.0	40.0	38.0	40.0
85-89	39.216482961522075	40.0	38.0	40.0	38.0	40.0
90-91	38.747879958355824	39.0	38.0	40.0	38.0	40.0
>>END_MODULE
>>Per sequence quality scores	pass
#Quality	Count
31	1.0
32	329.0
33	6835.0
34	58489.0
35	265119.0
36	747367.0
37	1562672.0
38	3115309.0
39	1.3231095E7
40	2010780.0
>>END_MODULE
>>Per base sequence content	pass
#Base	G	A	T	C
1	26.231246067481866	29.55720155390067	22.47293027391757	21.738622104699896
2	24.70729587718752	24.49411362874819	27.62627919350018	23.17231130056411
3	24.0666835095446	26.115236240412475	29.65742205386752	20.160658196175397
4	23.088127076507682	25.7381704425508	29.443862166656288	21.72984031428523
5	23.932912455074284	25.775431141143184	27.718459418698814	22.57319698508372
6	25.90352907963217	25.828336189796396	26.46919734626104	21.79893738431039
7	24.807534014198307	26.01924012177162	26.91644002599105	22.25678583803902
8	24.88564146788103	25.83306521250885	26.78594662081086	22.495346698799256
9	25.233298453814356	26.81394929306587	25.808862902917024	22.143889350202752
10-14	24.62812546492532	26.524492146774385	26.433504416326205	22.413877971974085
15-19	24.841307713364646	26.18592174224626	26.40515885420685	22.567611690182243
20-24	25.07655230600627	26.038058356026532	26.084779957904363	22.800609380062834
25-29	24.672347297758268	26.162952429611902	26.203166744162953	22.96153352846688
30-34	24.60323516074075	26.545665637498427	26.25038883479536	22.600710366965465
35-39	24.78272397540087	26.548542936311332	25.67011162433191	22.998621463955892
40-44	24.583333943442522	26.599805590022342	25.751787311284975	23.065073155250165
45-49	24.745962378188615	26.233568467853026	25.77385551599481	23.246613637963552
50-54	25.37151973315808	25.57501813686335	25.38599836078634	23.667463769192235
55-59	24.87971557021684	25.562740129868832	26.375782440771445	23.18176185914288
60-64	25.26034993901082	26.18152622305454	25.582072367946125	22.97605146998852
65-69	25.313107090272386	25.613870835653092	25.71340763917257	23.359614434901953
70-74	24.479007295279107	25.649434201448518	26.242235143761867	23.629323359510515
75-79	25.159613673902758	25.947871981798997	25.137253541503778	23.755260802794467
80-84	25.376675425078737	26.04856848781827	25.18329685590369	23.391459231199303
85-89	25.606874984927124	25.987438133611256	25.368437747049775	23.037249134411837
90-91	25.35227595252473	26.888583100242165	24.755658933700037	23.003482013533063
>>END_MODULE
>>Per base GC content	pass
#Base	%GC
1	47.96986817218176
2	47.87960717775163
3	44.227341705719994
4	44.817967390792916
5	46.506109440158006
6	47.702466463942564
7	47.06431985223733
8	47.38098816668029
9	47.377187804017105
10-14	47.04200343689941
15-19	47.40891940354689
20-24	47.8771616860691
25-29	47.633880826225145
30-34	47.20394552770622
35-39	47.78134543935676
40-44	47.648407098692694
45-49	47.992576016152164
50-54	49.03898350235032
55-59	48.06147742935972
60-64	48.236401408999335
65-69	48.67272152517434
70-74	48.10833065478962
75-79	48.91487447669722
80-84	48.76813465627804
85-89	48.64412411933896
90-91	48.3557579660578
>>END_MODULE
>>Per sequence GC content	warn
#GC Content	Count
0	32.0
1	48.5
2	65.0
3	68.5
4	89.5
5	118.0
6	172.0
7	277.5
8	390.5
9	575.0
10	791.0
11	1007.5
12	1357.5
13	1725.0
14	2097.0
15	2866.0
16	4141.5
17	5586.5
18	14115.5
19	18996.0
20	20171.5
21	43460.5
22	63594.0
23	52564.5
24	47088.5
25	71994.5
26	101047.0
27	113786.5
28	148442.0
29	181974.0
30	194705.5
31	224015.5
32	259293.0
33	278246.5
34	295596.0
35	326266.0
36	364085.5
37	433006.5
38	533953.5
39	559332.0
40	573965.5
41	623366.5
42	657335.0
43	733090.5
44	784052.5
45	838513.0
46	930492.0
47	976281.5
48	969859.5
49	969176.5
50	1032559.0
51	1114312.5
52	1098293.5
53	1032454.0
54	975229.5
55	893723.0
56	844834.0
57	813723.5
58	727200.0
59	601620.5
60	506105.5
61	401052.0
62	281163.5
63	206541.5
64	153399.5
65	117076.0
66	97102.5
67	90003.0
68	71229.5
69	41910.5
70	24651.0
71	15216.0
72	8720.5
73	6065.5
74	3820.5
75	2113.5
76	1350.5
77	675.5
78	455.5
79	310.0
80	195.5
81	136.5
82	85.0
83	62.5
84	51.0
85	35.0
86	17.5
87	9.5
88	6.5
89	4.0
90	1.5
91	1.0
92	0.5
93	0.0
94	0.0
95	0.0
96	0.0
97	0.0
98	0.0
99	0.0
100	0.0
>>END_MODULE
>>Per base N content	pass
#Base	N-Count
1	0.0
2	0.0
3	4.762359227042428E-6
4	0.0
5	0.0
6	0.0
7	0.0
8	0.0
9	0.0
10-14	0.0
15-19	0.0
20-24	9.524718454084856E-7
25-29	1.9049436908169712E-6
30-34	1.809696506276123E-5
35-39	0.0
40-44	3.2539146243814464E-5
45-49	0.0
50-54	1.1573641848560594E-5
55-59	1.0651000993660932E-5
60-64	3.88896510720365E-6
65-69	2.2461083804129855E-5
70-74	1.963381829388088E-6
75-79	3.650713073557734E-5
80-84	3.168792087747972E-5
85-89	3.3799017522205955E-5
90-91	0.0
>>END_MODULE
>>Sequence Length Distribution	warn
#Length	Count
36-37	34506.0
38-39	32741.0
40-41	32679.0
42-43	33355.0
44-45	32305.0
46-47	32078.0
48-49	31824.0
50-51	31501.0
52-53	32306.0
54-55	32660.0
56-57	33381.0
58-59	33131.0
60-61	34122.0
62-63	35483.0
64-65	36367.0
66-67	38124.0
68-69	42907.0
70-71	44129.0
72-73	49647.0
74-75	40125.0
76-77	29063.0
78-79	29155.0
80-81	29538.0
82-83	29632.0
84-85	30988.0
86-87	32622.0
88-89	74834.0
90-91	2.0028793E7
>>END_MODULE
>>Sequence Duplication Levels	fail
#Total Duplicate Percentage	82.94111652868828
#Duplication Level	Relative count
1	100.0
2	38.07110274418942
3	24.92940409818261
4	17.934979364274852
5	14.064875823618854
6	11.53066396350735
7	9.128593150387372
8	8.087756136413004
9	6.780826877126928
10++	131.50206357251466
>>END_MODULE
>>Overrepresented sequences	warn
#Sequence	Count	Percentage	Possible Source
AATTTCATCATAATTTTTGTTATAAAAAGTAACCTAAAACTTTAATAAAA	45243	0.21546341850908057	No Hit
ACTCGTAGGCGACATCCATCAGGTCACGGGGAATAGAGCACTGGCGAGGA	29599	0.14096107076122882	No Hit
AATTTCTTAATCCAACATCGAGGTCGCAAACCTTTTTATCGATAAGAACT	26803	0.12764551436241822	No Hit
ATCCTTTCGTACTAAAAATAGGCCATAAAATTTGAGGATAGAAACCAACC	26256	0.125040503865226	No Hit
CTTCAATGAAGTTGTCGGCGGTTTTCTTGATGACGGCCAAAACCTCGTTT	25753	0.12264503717402366	No Hit
GGGTAAAACTAACCTGTCTCACGACGGTCTAAACCCAGCTCACGTTCCCT	23866	0.11365846531259459	No Hit
AAAATCAACATTAAATTCTACTAATTTAAGCATCTTTACCTTAAATCAAA	21817	0.10390039125638464	No Hit
AATCCTTTCGTACTAAAAATAGGCCATAAAATTTGAGGATAGAAACCAAC	21442	0.10211450654624375	No Hit
>>END_MODULE
>>Kmer Content	warn
#Sequence	Count	Obs/Exp Overall	Obs/Exp Max	Max Obs/Exp Position
AATTT	4090640	1.9081527	5.9960604	1
ATTTC	3539725	1.875832	5.437487	2
>>END_MODULE
