##FastQC	0.10.1
>>Basic Statistics	pass
#Measure	Value	
Filename	SRR6819023_1_paired.fastq	
File type	Conventional base calls	
Encoding	Sanger / Illumina 1.9	
Total Sequences	30243340	
Filtered Sequences	0	
Sequence length	36-91	
%GC	47	
>>END_MODULE
>>Per base sequence quality	pass
#Base	Mean	Median	Lower Quartile	Upper Quartile	10th Percentile	90th Percentile
1	39.36069448678618	40.0	38.0	40.0	38.0	40.0
2	39.30575326666962	40.0	38.0	40.0	38.0	40.0
3	39.28665722767393	40.0	38.0	40.0	38.0	40.0
4	39.291934786303365	40.0	38.0	40.0	38.0	40.0
5	39.2995537860567	40.0	38.0	40.0	38.0	40.0
6	39.29940327358023	40.0	38.0	40.0	38.0	40.0
7	39.296566120011875	40.0	38.0	40.0	38.0	40.0
8	39.294068809860285	40.0	38.0	40.0	38.0	40.0
9	39.29482897722276	40.0	38.0	40.0	38.0	40.0
10-14	39.29454527178545	40.0	38.0	40.0	38.0	40.0
15-19	39.28800271398596	40.0	38.0	40.0	38.0	40.0
20-24	39.27286660798708	40.0	38.0	40.0	38.0	40.0
25-29	39.2620614191422	40.0	38.0	40.0	38.0	40.0
30-34	39.260093005600574	40.0	38.0	40.0	38.0	40.0
35-39	39.23377016549339	40.0	38.0	40.0	38.0	40.0
40-44	39.23335739985491	40.0	38.0	40.0	38.0	40.0
45-49	39.23305824257834	40.0	38.0	40.0	38.0	40.0
50-54	39.22527328473585	40.0	38.0	40.0	38.0	40.0
55-59	39.22185874778235	40.0	38.0	40.0	38.0	40.0
60-64	39.22546895024429	40.0	38.0	40.0	38.0	40.0
65-69	39.22205659270536	40.0	38.0	40.0	38.0	40.0
70-74	39.20973361038132	40.0	38.0	40.0	38.0	40.0
75-79	39.206147224092895	40.0	38.0	40.0	38.0	40.0
80-84	39.191299993404286	40.0	38.0	40.0	38.0	40.0
85-89	39.17617353227528	40.0	38.0	40.0	38.0	40.0
90-91	38.71013164746916	39.0	38.0	40.0	38.0	40.0
>>END_MODULE
>>Per sequence quality scores	pass
#Quality	Count
31	1.0
32	533.0
33	12323.0
34	103227.0
35	453806.0
36	1220751.0
37	2411006.0
38	4611306.0
39	1.8658707E7
40	2771680.0
>>END_MODULE
>>Per base sequence content	pass
#Base	G	A	T	C
1	25.888794028701856	30.02460707051536	23.161469599587875	20.925129301194907
2	24.448473614356086	24.940033078357086	27.880736717571537	22.73075658971529
3	23.986385101645517	26.62942320524122	29.81023259997077	19.57395909314249
4	23.128477211842345	26.192001280281872	29.649198798809916	21.030322709065864
5	23.810250455141528	26.212838925859376	27.973576992488265	22.00333362651083
6	25.474147365998594	26.44837838677871	26.83855685251695	21.238917394705744
7	24.380442107254026	26.756740492286895	27.168136852609532	21.694680547849543
8	24.681784485443735	26.155953674428815	27.084905304771233	22.077356535356213
9	25.019660526912702	27.101117138517104	26.07587323357804	21.803349100992154
10-14	24.31862486087846	26.9100198589177	26.764691994997907	22.00666328520593
15-19	24.447661696410925	26.625649327261137	26.66753425162389	22.25915472470405
20-24	24.76920124766381	26.6194843549585	26.35773217556789	22.253582221809804
25-29	24.364961174030125	26.621599509985334	26.459198795233586	22.55424052075095
30-34	24.48551442869927	26.947198549789615	26.41780192502573	22.14948509648539
35-39	24.523424818941148	27.04067631409059	25.883633601276134	22.552265265692125
40-44	24.246066467498704	26.838514864192952	26.266614898006786	22.64880377030156
45-49	24.511848839052035	26.741027811124944	25.974525212978676	22.77259813684434
50-54	25.27491309713435	25.936852267594624	25.65205292826343	23.136181707007598
55-59	24.669066344243458	26.020853210641164	26.628709365621404	22.68137107949397
60-64	25.04075843394246	26.646512222091427	25.898522990713474	22.414206353252634
65-69	25.07010887532482	25.97224264602837	26.057210459099917	22.900438019546893
70-74	24.354637402952857	26.037053924308108	26.528202386113975	23.08010628662506
75-79	24.896354774007598	26.45798401681597	25.49545813778669	23.15020307138974
80-84	25.387058277669343	26.447098283621823	25.32414729513936	22.84169614356947
85-89	25.809996291418653	26.897483274410277	25.074101885124257	22.218418549046813
90-91	25.63982328949405	27.92286655211038	24.20450061928615	22.232809539109414
>>END_MODULE
>>Per base GC content	pass
#Base	%GC
1	46.81392332989676
2	47.179230204071374
3	43.56034419478801
4	44.1587999209082
5	45.81358408165236
6	46.71306476070434
7	46.07512265510357
8	46.75914102079995
9	46.82300962790485
10-14	46.32528814608439
15-19	46.70681642111497
20-24	47.02278346947361
25-29	46.91920169478108
30-34	46.634999525184654
35-39	47.07569008463327
40-44	46.89487023780026
45-49	47.28444697589638
50-54	48.411094804141946
55-59	47.35043742373743
60-64	47.454964787195095
65-69	47.97054689487171
70-74	47.434743689577914
75-79	48.04655784539734
80-84	48.22875442123882
85-89	48.028414840465466
90-91	47.872632828603464
>>END_MODULE
>>Per sequence GC content	fail
#GC Content	Count
0	14.0
1	35.0
2	56.0
3	59.5
4	95.5
5	142.0
6	199.5
7	358.0
8	539.5
9	814.0
10	1246.0
11	1722.0
12	2270.5
13	2882.5
14	3586.5
15	4993.5
16	7203.5
17	9721.5
18	24179.5
19	34105.5
20	37009.5
21	81318.5
22	121238.0
23	98580.5
24	81505.0
25	120728.5
26	172879.5
27	192803.0
28	239421.5
29	292947.5
30	319334.0
31	366142.0
32	420921.5
33	451142.5
34	476623.0
35	524061.0
36	584670.0
37	685832.0
38	818727.5
39	853289.5
40	884274.0
41	955389.5
42	997385.5
43	1095755.5
44	1164979.5
45	1237153.0
46	1374306.0
47	1434328.5
48	1400443.0
49	1395499.5
50	1491957.5
51	1614051.5
52	1592997.5
53	1498775.5
54	1398835.5
55	1255590.0
56	1175730.0
57	1098943.0
58	951084.5
59	767608.5
60	619733.5
61	481782.5
62	334138.5
63	246487.0
64	182958.0
65	137772.5
66	107196.5
67	91426.5
68	73360.0
69	47312.0
70	29916.5
71	17897.5
72	10388.5
73	6879.5
74	4460.0
75	2816.5
76	1734.5
77	684.5
78	438.5
79	318.0
80	208.0
81	149.5
82	103.0
83	85.5
84	71.5
85	46.5
86	28.0
87	18.0
88	9.5
89	2.0
90	1.0
91	0.5
92	0.0
93	0.0
94	0.0
95	0.0
96	0.0
97	0.0
98	0.0
99	0.0
100	0.0
>>END_MODULE
>>Per base N content	pass
#Base	N-Count
1	0.0
2	0.0
3	0.0
4	0.0
5	0.0
6	0.0
7	0.0
8	0.0
9	0.0
10-14	0.0
15-19	6.613026206761555E-7
20-24	1.9839078620284664E-6
25-29	6.613026206761555E-7
30-34	1.322605241352311E-5
35-39	6.620612319115023E-7
40-44	3.058931302367865E-5
45-49	1.336046532095829E-6
50-54	1.4092762697954997E-5
55-59	8.092770776422047E-6
60-64	2.0344461435008385E-6
65-69	2.321468442405218E-5
70-74	2.0673290338356364E-6
75-79	2.9887911435251152E-5
80-84	3.1405233013499183E-5
85-89	3.0840583802718844E-5
90-91	0.0
>>END_MODULE
>>Sequence Length Distribution	warn
#Length	Count
36-37	57798.0
38-39	54469.0
40-41	55051.0
42-43	55753.0
44-45	54127.0
46-47	54235.0
48-49	54029.0
50-51	55052.0
52-53	56348.0
54-55	59254.0
56-57	61804.0
58-59	63412.0
60-61	68332.0
62-63	74591.0
64-65	80322.0
66-67	90231.0
68-69	105000.0
70-71	115547.0
72-73	135391.0
74-75	95308.0
76-77	46154.0
78-79	46521.0
80-81	46985.0
82-83	47478.0
84-85	49170.0
86-87	51105.0
88-89	118411.0
90-91	2.8391462E7
>>END_MODULE
>>Sequence Duplication Levels	fail
#Total Duplicate Percentage	81.74128726589221
#Duplication Level	Relative count
1	100.0
2	33.832139382683295
3	21.60431591049792
4	15.372777925179093
5	12.149995577960555
6	10.130007959671
7	8.65481560095516
8	7.207924294684709
9	6.224462722207482
10++	138.58671619350844
>>END_MODULE
>>Overrepresented sequences	warn
#Sequence	Count	Percentage	Possible Source
AATTTCATCATAATTTTTGTTATAAAAAGTAACCTAAAACTTTAATAAAA	61843	0.2044846898523774	No Hit
ACTCGTAGGCGACATCCATCAGGTCACGGGGAATAGAGCACTGGCGAGGA	49331	0.16311359790287713	No Hit
AAAATCAACATTAAATTCTACTAATTTAAGCATCTTTACCTTAAATCAAA	42687	0.14114512484401526	No Hit
CTTCAATGAAGTTGTCGGCGGTTTTCTTGATGACGGCCAAAACCTCGTTT	41416	0.13694254668961828	No Hit
AATTTCTTAATCCAACATCGAGGTCGCAAACCTTTTTATCGATAAGAACT	40313	0.1332954627365893	No Hit
ATCCTTTCGTACTAAAAATAGGCCATAAAATTTGAGGATAGAAACCAACC	31875	0.1053951051702623	No Hit
AATCCTTTCGTACTAAAAATAGGCCATAAAATTTGAGGATAGAAACCAAC	31597	0.10447589452752243	No Hit
CCGTCCATGCCATAGGCAATGGAAGAACCGATACGACGGGCCTTGATGGA	31270	0.10339466474271691	No Hit
>>END_MODULE
>>Kmer Content	warn
#Sequence	Count	Obs/Exp Overall	Obs/Exp Max	Max Obs/Exp Position
ATTTC	5404725	1.9538035	5.599282	2
AATTT	6308120	1.9268277	5.7372785	1
AGAGC	3448845	1.3723562	5.212195	85-87
ATCGG	3325725	1.3445338	5.0280933	85-87
GATCG	3249630	1.3137698	5.077323	85-87
AGATC	3371200	1.2684946	5.123278	85-87
>>END_MODULE
