##FastQC	0.10.1
>>Basic Statistics	pass
#Measure	Value	
Filename	SRR6819017_2_paired.fastq	
File type	Conventional base calls	
Encoding	Sanger / Illumina 1.9	
Total Sequences	19287364	
Filtered Sequences	0	
Sequence length	36-91	
%GC	48	
>>END_MODULE
>>Per base sequence quality	pass
#Base	Mean	Median	Lower Quartile	Upper Quartile	10th Percentile	90th Percentile
1	39.35043129792127	40.0	38.0	40.0	38.0	40.0
2	39.296459070301154	40.0	38.0	40.0	38.0	40.0
3	39.281003666441926	40.0	38.0	40.0	38.0	40.0
4	39.28834655684416	40.0	38.0	40.0	38.0	40.0
5	39.29436469390011	40.0	38.0	40.0	38.0	40.0
6	39.28946889787532	40.0	38.0	40.0	38.0	40.0
7	39.28884377357113	40.0	38.0	40.0	38.0	40.0
8	39.28961018208605	40.0	38.0	40.0	38.0	40.0
9	39.29125441921457	40.0	38.0	40.0	38.0	40.0
10-14	39.28190027418988	40.0	38.0	40.0	38.0	40.0
15-19	39.269000076941566	40.0	38.0	40.0	38.0	40.0
20-24	39.25953758118528	40.0	38.0	40.0	38.0	40.0
25-29	39.242266926678	40.0	38.0	40.0	38.0	40.0
30-34	39.22379569338765	40.0	38.0	40.0	38.0	40.0
35-39	39.18573714396102	40.0	38.0	40.0	38.0	40.0
40-44	39.18190315466459	40.0	38.0	40.0	38.0	40.0
45-49	39.16866986436865	40.0	38.0	40.0	38.0	40.0
50-54	39.15553978357708	40.0	38.0	40.0	38.0	40.0
55-59	39.146462984181476	40.0	38.0	40.0	38.0	40.0
60-64	39.15147900981688	40.0	38.0	40.0	38.0	40.0
65-69	39.13719208198443	40.0	38.0	40.0	38.0	40.0
70-74	39.106276327628436	40.0	38.0	40.0	38.0	40.0
75-79	39.095097239061396	40.0	38.0	40.0	38.0	40.0
80-84	39.07418139930687	40.0	38.0	40.0	38.0	40.0
85-89	39.04993872763738	40.0	38.0	40.0	38.0	40.0
90-91	38.38433257503986	39.0	38.0	40.0	35.0	40.0
>>END_MODULE
>>Per sequence quality scores	pass
#Quality	Count
31	4.0
32	496.0
33	10214.0
34	82295.0
35	342226.0
36	873266.0
37	1644034.0
38	3040911.0
39	1.2314121E7
40	979797.0
>>END_MODULE
>>Per base sequence content	pass
#Base	G	A	T	C
1	25.81702196318792	25.533152171546096	22.125387377974512	26.524438487291473
2	25.219816322125695	22.58771330622714	25.622022887225633	26.57044748442153
3	23.47020683924061	24.403715264920326	27.816787234490427	24.309290661348637
4	24.051013563767032	25.01330276682514	26.6484478083319	24.287235861075924
5	24.216107723282168	25.17841233090466	26.042917054831392	24.562562890981777
6	24.69372162778558	24.330831037701593	25.955372006406684	25.020075328106145
7	25.043729418838524	25.547427203485974	25.37783944395912	24.03100393371638
8	24.095494453595805	25.210545911387257	26.06334790954553	24.63061172547141
9	24.11711357934797	24.097613763872943	26.1122905247488	25.672982132030292
10-14	24.309279856549388	25.43274086180408	25.959577013815494	24.298402267831037
15-19	24.476721607097502	25.1037031377603	26.15002349932513	24.269551755817062
20-24	24.2226339875275	25.526024232323234	26.112940149867253	24.138401630282015
25-29	24.205776633922362	25.330956841286937	26.33608435384	24.127182170950704
30-34	24.49328580016875	24.944846785057422	26.198838932951823	24.363028481822003
35-39	24.150251296715933	25.085049971761546	26.21527332316412	24.549425408358395
40-44	24.392315683965066	25.27537816301355	26.157263995237784	24.1750421577836
45-49	24.55346596774458	25.084509182159785	25.97583467022741	24.386190179868226
50-54	24.58261634564445	24.99624900677535	26.217485117942967	24.203649529637232
55-59	24.674979251209713	25.360812066169153	26.04217309486474	23.92203558775639
60-64	24.398702716318635	25.409135249597835	25.9856074006229	24.206554633460634
65-69	24.535198019642532	25.23391206544542	25.911401922466222	24.319487992445833
70-74	24.104957530746514	25.43772855361079	26.201193759369673	24.256120156273024
75-79	24.323549923400034	25.693454417106913	25.810215440079226	24.172780219413823
80-84	24.501591400443143	25.972262518843586	25.540312730056623	23.985833350656648
85-89	25.12029627940847	26.45057790261509	24.68648456137402	23.74264125660242
90-91	25.606021214603835	25.870427063363138	24.319420096127427	24.2041316259056
>>END_MODULE
>>Per base GC content	pass
#Base	%GC
1	52.341460450479396
2	51.79026380654722
3	47.779497500589244
4	48.338249424842964
5	48.778670614263945
6	49.71379695589172
7	49.07473335255491
8	48.726106179067216
9	49.79009571137826
10-14	48.607682124380425
15-19	48.746273362914565
20-24	48.36103561780952
25-29	48.332958804873066
30-34	48.856314281990755
35-39	48.69967670507433
40-44	48.56735784174867
45-49	48.9396561476128
50-54	48.78626587528168
55-59	48.5970148389661
60-64	48.605257349779265
65-69	48.85468601208836
70-74	48.36107768701954
75-79	48.49633014281386
80-84	48.48742475109979
85-89	48.86293753601089
90-91	49.81015284050944
>>END_MODULE
>>Per sequence GC content	warn
#GC Content	Count
0	19.0
1	14.0
2	9.5
3	14.5
4	28.0
5	41.0
6	63.0
7	102.5
8	168.0
9	296.0
10	456.5
11	584.0
12	733.0
13	1041.5
14	1500.5
15	2061.0
16	2769.0
17	3844.0
18	6377.0
19	11843.0
20	24229.0
21	35062.0
22	38519.5
23	43686.0
24	56386.5
25	69676.5
26	81031.0
27	89781.5
28	101288.0
29	117528.5
30	145964.5
31	177206.5
32	196566.5
33	208664.5
34	230320.5
35	280592.5
36	324651.0
37	359591.5
38	402953.0
39	456965.0
40	506774.5
41	538317.5
42	575202.5
43	645673.0
44	700538.5
45	759424.5
46	827175.0
47	866962.0
48	919259.5
49	981039.0
50	1011895.0
51	1003858.5
52	989293.0
53	979049.0
54	950780.5
55	919018.0
56	910753.5
57	865563.0
58	733686.5
59	617810.0
60	535399.5
61	429497.0
62	336032.5
63	244819.5
64	179646.0
65	147583.5
66	114812.0
67	93383.0
68	79765.0
69	53850.5
70	35343.0
71	24063.0
72	14047.5
73	11917.0
74	9020.5
75	4273.5
76	2026.5
77	1314.0
78	969.0
79	695.5
80	425.0
81	270.5
82	179.5
83	110.5
84	62.0
85	44.0
86	34.5
87	20.0
88	9.0
89	3.5
90	4.0
91	4.0
92	3.5
93	2.5
94	1.5
95	3.5
96	4.0
97	2.0
98	2.5
99	21.0
100	39.0
>>END_MODULE
>>Per base N content	pass
#Base	N-Count
1	0.0
2	5.7032158463955986E-5
3	9.332535021374616E-5
4	1.1924905860645344E-4
5	1.0369483357082907E-4
6	4.147793342833163E-5
7	2.592370839270727E-5
8	1.555422503562436E-5
9	1.0369483357082907E-5
10-14	6.221690014249744E-6
15-19	8.295586685666326E-6
20-24	8.295586685666326E-6
25-29	1.0369483357082907E-6
30-34	1.2443380028499488E-5
35-39	2.8036475995231556E-5
40-44	1.357267669837122E-5
45-49	8.400488324586553E-6
50-54	3.1700765736223125E-6
55-59	1.59630612209258E-5
60-64	1.0731710793100472E-5
65-69	1.626706759710534E-5
70-74	4.1778570016738474E-5
75-79	1.335900087230936E-5
80-84	2.24008390458273E-6
85-89	3.9447761988704593E-5
90-91	0.0
>>END_MODULE
>>Sequence Length Distribution	warn
#Length	Count
36-37	44827.0
38-39	43012.0
40-41	43382.0
42-43	43355.0
44-45	43482.0
46-47	44612.0
48-49	47374.0
50-51	50992.0
52-53	50077.0
54-55	53190.0
56-57	58827.0
58-59	60652.0
60-61	64998.0
62-63	72876.0
64-65	78712.0
66-67	87595.0
68-69	97060.0
70-71	106486.0
72-73	122839.0
74-75	84466.0
76-77	46665.0
78-79	42053.0
80-81	43268.0
82-83	43018.0
84-85	44070.0
86-87	45612.0
88-89	105668.0
90-91	1.7618196E7
>>END_MODULE
>>Sequence Duplication Levels	fail
#Total Duplicate Percentage	77.16487435334922
#Duplication Level	Relative count
1	100.0
2	34.89836121738137
3	20.116484896933706
4	13.358647861588533
5	9.451550276937132
6	7.628618740364301
7	5.995546165705476
8	5.01484611431508
9	4.098384057557243
10++	84.93975903614458
>>END_MODULE
>>Overrepresented sequences	warn
#Sequence	Count	Percentage	Possible Source
CCCGGACACTGGAAGGATTGACAGATTGAGAGCTCTTTCTTGATTCGGTG	34884	0.18086452871424005	No Hit
>>END_MODULE
>>Kmer Content	warn
#Sequence	Count	Obs/Exp Overall	Obs/Exp Max	Max Obs/Exp Position
TTTTT	5768225	3.0218804	3.6046069	50-54
GAAGA	4253805	2.6799572	6.1690054	85-87
AAGAG	2716705	1.7115624	5.140555	85-87
AGATC	2670170	1.6558852	6.2541966	85-87
GGAAG	2324310	1.5151427	5.0442653	85-87
GATCG	2195805	1.4089458	5.9163074	85-87
TCGGA	2000465	1.2836052	5.036994	85-87
CGGAA	1767120	1.1605555	5.2875347	85-87
ATCGG	1752685	1.1246164	5.7878165	85-87
>>END_MODULE
