##FastQC	0.10.1
>>Basic Statistics	pass
#Measure	Value	
Filename	SRR6819016_1_paired.fastq	
File type	Conventional base calls	
Encoding	Sanger / Illumina 1.9	
Total Sequences	22548483	
Filtered Sequences	0	
Sequence length	36-91	
%GC	48	
>>END_MODULE
>>Per base sequence quality	pass
#Base	Mean	Median	Lower Quartile	Upper Quartile	10th Percentile	90th Percentile
1	39.35789897706201	40.0	38.0	40.0	38.0	40.0
2	39.30075619721291	40.0	38.0	40.0	38.0	40.0
3	39.2814757870851	40.0	38.0	40.0	38.0	40.0
4	39.28361397970764	40.0	38.0	40.0	38.0	40.0
5	39.292046121240176	40.0	38.0	40.0	38.0	40.0
6	39.29200430024494	40.0	38.0	40.0	38.0	40.0
7	39.287826147772336	40.0	38.0	40.0	38.0	40.0
8	39.282308038194856	40.0	38.0	40.0	38.0	40.0
9	39.28560657495229	40.0	38.0	40.0	38.0	40.0
10-14	39.28954896877097	40.0	38.0	40.0	38.0	40.0
15-19	39.28023604071281	40.0	38.0	40.0	38.0	40.0
20-24	39.26402303871174	40.0	38.0	40.0	38.0	40.0
25-29	39.256394002204054	40.0	38.0	40.0	38.0	40.0
30-34	39.25361207669713	40.0	38.0	40.0	38.0	40.0
35-39	39.2268335677754	40.0	38.0	40.0	38.0	40.0
40-44	39.226476111968566	40.0	38.0	40.0	38.0	40.0
45-49	39.228780252759655	40.0	38.0	40.0	38.0	40.0
50-54	39.21950836690239	40.0	38.0	40.0	38.0	40.0
55-59	39.217852158957044	40.0	38.0	40.0	38.0	40.0
60-64	39.21728230819398	40.0	38.0	40.0	38.0	40.0
65-69	39.21488040811296	40.0	38.0	40.0	38.0	40.0
70-74	39.20479974885266	40.0	38.0	40.0	38.0	40.0
75-79	39.20219237638762	40.0	38.0	40.0	38.0	40.0
80-84	39.18639778952692	40.0	38.0	40.0	38.0	40.0
85-89	39.169318076588596	40.0	38.0	40.0	38.0	40.0
90-91	38.69720631330392	39.0	38.0	40.0	38.0	40.0
>>END_MODULE
>>Per sequence quality scores	pass
#Quality	Count
31	5.0
32	485.0
33	10440.0
34	83207.0
35	355887.0
36	934091.0
37	1807405.0
38	3420663.0
39	1.3863134E7
40	2073166.0
>>END_MODULE
>>Per base sequence content	pass
#Base	G	A	T	C
1	24.67662680456153	29.6788302787376	22.775709567690207	22.86883334901066
2	24.143921344952563	25.14509734424263	27.044311584065323	23.66666972673949
3	22.733237652095603	25.581318511818225	29.505467374699546	22.179976461386623
4	21.896470818014677	25.734081534442915	28.632409550567107	23.737038096975304
5	22.87399555881431	25.383530235714748	27.799701647334768	23.94277255813617
6	25.05695394231177	25.02800742737327	26.033112737561993	23.88192589275296
7	24.287181536780103	25.329717302933417	26.465305892196827	23.91779526808965
8	23.304915900550828	26.03345422394934	26.69157388548046	23.97005599001937
9	23.839962981101657	26.800689873460666	25.558051954093763	23.801295191343915
10-14	23.564650446772852	26.71912784554065	25.854661708284322	23.861559999402175
15-19	24.128689278121282	26.167874796721357	26.039740234409557	23.6636956907478
20-24	24.489929978702868	25.634273944447155	25.28657427262977	24.58922180422021
25-29	23.712592527179634	26.176711332229512	25.962394471723787	24.148301668867067
30-34	23.445606144782936	26.476860472125463	25.97230852022634	24.105224862865263
35-39	24.011037647491946	26.350158348500834	25.508843353664734	24.129960650342483
40-44	23.89695137634551	27.237322757745925	24.686407554959793	24.179318310948773
45-49	23.567929268841603	26.636717502712422	24.936061531296925	24.859291697149054
50-54	24.303916104423635	25.712460229996598	24.62492975454769	25.358693911032077
55-59	24.15594383324593	25.499407729896006	25.947477392364725	24.39717104449333
60-64	24.88518973828627	25.93460792613434	24.510732524085526	24.66946981149386
65-69	24.69495262471971	25.907805438366477	24.622700963247304	24.774540973666507
70-74	23.68423542236933	25.441182170754047	25.441271298137085	25.433311108739538
75-79	24.529803941956427	26.24396247181251	23.696909530192737	25.529324056038327
80-84	24.307425799550465	26.857782283664765	23.988985024507812	24.845806892276954
85-89	25.137284918531233	26.154194674230723	24.46445734337173	24.244063063866314
90-91	24.994595359401146	27.132129807090514	23.319104648703696	24.554170184804647
>>END_MODULE
>>Per base GC content	pass
#Base	%GC
1	47.54546015357219
2	47.81059107169205
3	44.91321411348223
4	45.63350891498998
5	46.816768116950485
6	48.93887983506474
7	48.20497680486975
8	47.2749718905702
9	47.641258172445575
10-14	47.42621044617503
15-19	47.79238496886908
20-24	49.07915178292308
25-29	47.8608941960467
30-34	47.5508310076482
35-39	48.14099829783443
40-44	48.076269687294285
45-49	48.42722096599066
50-54	49.66261001545571
55-59	48.55311487773926
60-64	49.55465954978013
65-69	49.469493598386215
70-74	49.11754653110887
75-79	50.05912799799476
80-84	49.15323269182742
85-89	49.38134798239755
90-91	49.54876554420579
>>END_MODULE
>>Per sequence GC content	pass
#GC Content	Count
0	48.0
1	96.5
2	145.0
3	149.0
4	169.5
5	200.0
6	289.5
7	419.5
8	530.5
9	699.0
10	952.5
11	1281.0
12	1744.0
13	2227.0
14	2598.0
15	3380.5
16	4786.0
17	6473.5
18	14515.0
19	20050.5
20	22300.5
21	45772.0
22	66645.5
23	56282.5
24	49578.5
25	72542.5
26	99627.5
27	113856.5
28	157337.5
29	196878.0
30	204030.0
31	226870.0
32	260741.0
33	279385.5
34	296314.0
35	324425.5
36	364983.0
37	452125.0
38	568172.5
39	575014.0
40	561088.5
41	601035.5
42	652614.0
43	768647.0
44	845907.5
45	921608.0
46	991074.5
47	1042301.0
48	1060080.0
49	1032887.0
50	1070227.0
51	1130244.0
52	1089650.5
53	1028004.5
54	1021892.0
55	961986.5
56	912876.0
57	944764.5
58	889016.5
59	753369.5
60	678418.0
61	544028.0
62	385956.5
63	275159.0
64	199905.5
65	164651.0
66	150985.5
67	153297.5
68	118071.0
69	62018.0
70	34521.0
71	22827.0
72	12074.5
73	7949.5
74	4681.5
75	3253.5
76	2671.0
77	1855.0
78	1593.5
79	1322.5
80	1027.5
81	978.5
82	744.0
83	413.5
84	263.5
85	129.5
86	51.5
87	33.5
88	26.0
89	15.5
90	9.0
91	5.0
92	3.0
93	2.0
94	2.5
95	3.0
96	1.5
97	0.0
98	0.5
99	0.5
100	0.0
>>END_MODULE
>>Per base N content	pass
#Base	N-Count
1	0.0
2	0.0
3	4.434888147464288E-6
4	0.0
5	0.0
6	0.0
7	0.0
8	0.0
9	0.0
10-14	0.0
15-19	0.0
20-24	1.7739552589857153E-6
25-29	1.7739552589857153E-6
30-34	9.756753924421434E-6
35-39	0.0
40-44	2.8553720930404793E-5
45-49	2.6902486449755625E-6
50-54	1.2618672076207261E-5
55-59	1.359654479527619E-5
60-64	2.73678679336165E-6
65-69	1.8387684524666356E-5
70-74	1.856820445472207E-6
75-79	3.090116766242246E-5
80-84	3.1969972598160373E-5
85-89	3.2112979051740376E-5
90-91	0.0
>>END_MODULE
>>Sequence Length Distribution	warn
#Length	Count
36-37	45960.0
38-39	44180.0
40-41	44361.0
42-43	44856.0
44-45	44219.0
46-47	44341.0
48-49	44662.0
50-51	46018.0
52-53	48233.0
54-55	50505.0
56-57	53053.0
58-59	54492.0
60-61	58674.0
62-63	64090.0
64-65	68875.0
66-67	74348.0
68-69	83575.0
70-71	89182.0
72-73	100151.0
74-75	68842.0
76-77	34807.0
78-79	35151.0
80-81	36081.0
82-83	36206.0
84-85	37539.0
86-87	39447.0
88-89	89900.0
90-91	2.1066735E7
>>END_MODULE
>>Sequence Duplication Levels	fail
#Total Duplicate Percentage	84.31156819293153
#Duplication Level	Relative count
1	100.0
2	33.59749324402739
3	20.92113334549132
4	14.941061392310626
5	11.485982393023527
6	9.491519803703765
7	7.885007543478621
8	6.717840741416184
9	5.8607026211515825
10++	120.68073677404381
>>END_MODULE
>>Overrepresented sequences	warn
#Sequence	Count	Percentage	Possible Source
GGGTAAAACTAACCTGTCTCACGACGGTCTAAACCCAGCTCACGTTCCCT	66181	0.29350533248733407	No Hit
GATTCTACCTTCAGAGGCCTTCAGGTATAATCATCCGGACGTAGCCTCGC	53196	0.23591830989251028	No Hit
CCTTCGGTTTCAATTGATAAAACCCGTCACCTATTTAGCAGGCTAGAGTC	51583	0.2287648353106504	No Hit
AATTTCATCATAATTTTTGTTATAAAAAGTAACCTAAAACTTTAATAAAA	50801	0.2252967527793333	No Hit
AATCCTTTCGTACTAAAAATAGGCCATAAAATTTGAGGATAGAAACCAAC	48600	0.21553556396676443	No Hit
CGATCGCAGAACGACTTATGCAAGAGAGCCGCCAATTCAGGCAGTCTCCA	47650	0.21132242022667333	No Hit
GGCCTCCACAGGTTGAGCACCGCAACTTTTTCTCTTTTACAAAAAAAAGC	46280	0.20524662346464725	No Hit
AGAGAGTCATAGTTACTCCCGCCGTTTACCCGCGCTTCGTTGAATTTCTT	45759	0.20293604673981835	No Hit
ATCCTTATCCCGAAGTTACGGATCCAATTTGCCGATTTCCCTTACCCACA	45342	0.20108669838232576	No Hit
AATTTCTTAATCCAACATCGAGGTCGCAAACCTTTTTATCGATAAGAACT	43896	0.1946738501210924	No Hit
CTCTGGGTTCTCGCGCAACTTTGCAGCTGCGCTTACTTTAGTCGGGTAAA	38750	0.17185191571424116	No Hit
GGCGCCTTAACCGGGCGTTTGGTTCATCCCACAGCGCCAGTTCTGCTTAC	37499	0.16630387064176336	No Hit
GGCGGCCGAGATCTACCACGAGCGCCCGACTTTTGAGGGCCAAACACTCG	36443	0.16162062875804106	No Hit
ATCCTTTCGTACTAAAAATAGGCCATAAAATTTGAGGATAGAAACCAACC	35093	0.15563352975896427	No Hit
CCACTCCGGCGATGTTGTCCGACCGTGAAGAGAGTCGGGCTTTGACACCC	34861	0.15460463570875255	No Hit
TCTCTATTGACCATTACCTCGGGTCCAAAAGTAAAAGACCAGCAAAATCG	33704	0.14947347012213638	No Hit
GTCCTCCAGGATCCCTCTGGAGTATTTGCTACTACCACCAAGATCTGCAC	32999	0.14634687397817406	No Hit
CTTACCCACATTCATCCATCGACTAGAGGCTGTTCACCTTGGAGACCTGA	31161	0.1381955495631347	No Hit
GGTTCGTCCGGCCGACTCGACCAAACCCTTTTAAGGGGGAAAGATCTCGC	29936	0.13276281158249092	No Hit
GCCAGTTCTGAGTTGGTCGTTCGATGGCGGCCGAGATCTACCACGAGCGC	29333	0.13008857402956997	No Hit
TGGCGGCCGAGATCTACCACGAGCGCCCGACTTTTGAGGGCCAAACACTC	28464	0.1262346562294235	No Hit
CGCCACCGAATAAACTCCCGGAGATGGAAGGCGGACTAAGAAAGCTCGGC	26438	0.11724957284266085	No Hit
ACTTCGGGGGGAACCAGCTACTAGATGGTTCGATTAGTCTTTCGCCCCTA	25934	0.11501438921633884	No Hit
AACCGCGGCTCGAGAATGAAGCGCCGACCAGGCATTCGTCCGAAACGAAA	25507	0.1131206919773716	No Hit
ATGGTTAGAACTAGGGCGGTATCTGATCGCCTTCGAACCTCTAACTTTCG	24617	0.10917364152612839	No Hit
AAAACCGCGGCTCGAGAATGAAGCGCCGACCAGGCATTCGTCCGAAACGA	23690	0.10506250021342899	No Hit
ACGCGGCTGGACGCCGCTTGTCCCTCTAAGAAGACTGCGTGACGGACGCG	23328	0.10345707070404692	No Hit
ACAAAGGGCAGGGACGTAATCGACGCGGGCTAGTGACCCGCGCCTACTAG	23043	0.1021931275820196	No Hit
TATTTAGCCTTAGAAGGAGTTTACCTCCCGCTTAGGGCTGCACGCTCAAG	22593	0.10019742791566068	No Hit
>>END_MODULE
>>Kmer Content	warn
#Sequence	Count	Obs/Exp Overall	Obs/Exp Max	Max Obs/Exp Position
AAAAA	7313050	3.0818067	5.2768173	40-44
TTTCT	3923340	2.0612035	5.2049675	3
TTCAA	4179860	2.0364032	5.0785985	9
AATTT	4117750	1.9431721	6.8767314	1
TCCTT	3185060	1.7275606	6.028863	2
ATTTC	3323115	1.6812366	6.404155	2
CTCCA	3047140	1.6431504	5.552746	4
CTTCG	2687525	1.5252978	5.716116	2
CCTCC	2420735	1.3994724	5.805848	3
TTCGG	2221740	1.2780006	5.7206974	3
ATCCT	1958980	1.0232086	5.17517	1
CCACA	1949300	1.0122368	5.1846795	6
>>END_MODULE
