##FastQC	0.10.1
>>Basic Statistics	pass
#Measure	Value	
Filename	SRR6819015_1_paired.fastq	
File type	Conventional base calls	
Encoding	Sanger / Illumina 1.9	
Total Sequences	19869563	
Filtered Sequences	0	
Sequence length	36-91	
%GC	47	
>>END_MODULE
>>Per base sequence quality	pass
#Base	Mean	Median	Lower Quartile	Upper Quartile	10th Percentile	90th Percentile
1	39.349437025867154	40.0	38.0	40.0	38.0	40.0
2	39.29108400622601	40.0	38.0	40.0	38.0	40.0
3	39.270331410912256	40.0	38.0	40.0	38.0	40.0
4	39.2750243676723	40.0	38.0	40.0	38.0	40.0
5	39.28303798125807	40.0	38.0	40.0	38.0	40.0
6	39.28259026129563	40.0	38.0	40.0	38.0	40.0
7	39.280346326690726	40.0	38.0	40.0	38.0	40.0
8	39.27608694765959	40.0	38.0	40.0	38.0	40.0
9	39.27899471166024	40.0	38.0	40.0	38.0	40.0
10-14	39.279053011885566	40.0	38.0	40.0	38.0	40.0
15-19	39.27032959909586	40.0	38.0	40.0	38.0	40.0
20-24	39.25529300266946	40.0	38.0	40.0	38.0	40.0
25-29	39.24614909749148	40.0	38.0	40.0	38.0	40.0
30-34	39.24206653160918	40.0	38.0	40.0	38.0	40.0
35-39	39.215005499679854	40.0	38.0	40.0	38.0	40.0
40-44	39.213289669217176	40.0	38.0	40.0	38.0	40.0
45-49	39.214647022785776	40.0	38.0	40.0	38.0	40.0
50-54	39.20807401746511	40.0	38.0	40.0	38.0	40.0
55-59	39.20730817692247	40.0	38.0	40.0	38.0	40.0
60-64	39.20982745095332	40.0	38.0	40.0	38.0	40.0
65-69	39.20513927304188	40.0	38.0	40.0	38.0	40.0
70-74	39.19612474719541	40.0	38.0	40.0	38.0	40.0
75-79	39.193140884886446	40.0	38.0	40.0	38.0	40.0
80-84	39.17937301682118	40.0	38.0	40.0	38.0	40.0
85-89	39.16340302071694	40.0	38.0	40.0	38.0	40.0
90-91	38.69827462053698	39.0	38.0	40.0	38.0	40.0
>>END_MODULE
>>Per sequence quality scores	pass
#Quality	Count
31	2.0
32	418.0
33	8800.0
34	73615.0
35	315602.0
36	834038.0
37	1619261.0
38	3054055.0
39	1.2205629E7
40	1758143.0
>>END_MODULE
>>Per base sequence content	pass
#Base	G	A	T	C
1	26.186464191487254	29.632186676677286	22.37946551718324	21.80188361465222
2	24.11810466088258	24.544339500571805	28.45296597615156	22.884589862394055
3	23.416227120848106	26.32743357264576	30.456100116545088	19.800239189961047
4	22.73451107102859	26.218155879925494	29.687119943201566	21.360213105844352
5	23.612849462265476	26.12658365964063	28.02167314902698	22.238893729066916
6	25.17211878288415	26.46588150932157	26.783201019569482	21.578798688224797
7	24.551621995914054	26.628109536178524	27.04256253647853	21.77770593142889
8	24.21439263661712	26.293160045844992	27.08452118448705	22.407926133050836
9	24.544037531172677	27.134965172610993	26.298781709492054	22.02221558672428
10-14	24.104140589302343	26.83215428542641	26.84011419878736	22.223590926483887
15-19	24.507276023204696	26.52382165147589	26.737542508987666	22.231359816331743
20-24	24.53571196917754	26.59792849791196	26.321117167633247	22.545242365277254
25-29	24.27411486425086	26.952120495617958	26.245144684213074	22.528619955918103
30-34	24.22022558465636	26.894881611020626	26.504076793726377	22.38081601059663
35-39	24.4598421216981	27.01429863054586	25.905642889917264	22.62021635783878
40-44	24.29565938279274	26.899672812210483	26.11145758029708	22.693210224699694
45-49	24.387398096830243	26.904266113128234	25.83761771025459	22.870718079786933
50-54	24.96518733910629	26.073677235812653	25.771382277992256	23.1897531470888
55-59	24.57948608088414	26.187617846924056	26.380371205591953	22.85252486659985
60-64	25.04284232861143	26.596519053091278	25.714848065404283	22.645790552893008
65-69	24.99093907929841	25.997227017527035	25.908188760310942	23.103645142863616
70-74	24.31279886349459	26.084550327403765	26.367834587645717	23.234816221455926
75-79	24.79018412342362	26.478960275570433	25.255983407231923	23.474872193774022
80-84	25.113088992335754	26.770751282417976	25.219911718437416	22.896248006808854
85-89	25.535539406216955	26.917787045325298	25.112170224554376	22.434503323903368
90-91	25.449343549968084	27.939750409967257	24.111151451749524	22.499754588315135
>>END_MODULE
>>Per base GC content	pass
#Base	%GC
1	47.98834780613947
2	47.00269452327663
3	43.216466310809146
4	44.09472417687294
5	45.85174319133239
6	46.75091747110895
7	46.32932792734294
8	46.622318769667956
9	46.566253117896956
10-14	46.32773151578623
15-19	46.73863583953644
20-24	47.080954334454795
25-29	46.802734820168965
30-34	46.60104159525299
35-39	47.08005847953688
40-44	46.98886960749243
45-49	47.25811617661718
50-54	48.154940486195095
55-59	47.432010947483995
60-64	47.68863288150444
65-69	48.09458422216203
70-74	47.547615084950515
75-79	48.26505631719764
80-84	48.00933699914461
85-89	47.970042730120326
90-91	47.94909813828322
>>END_MODULE
>>Per sequence GC content	warn
#GC Content	Count
0	17.0
1	106.5
2	196.5
3	202.0
4	218.0
5	243.5
6	321.5
7	439.5
8	555.0
9	738.0
10	970.5
11	1252.0
12	1653.0
13	2170.0
14	2763.5
15	3698.5
16	5102.5
17	6859.0
18	18949.0
19	25108.5
20	23528.5
21	54458.5
22	83436.0
23	67664.5
24	54692.5
25	78243.0
26	107319.5
27	122443.0
28	163571.0
29	198906.5
30	210090.0
31	226331.0
32	248553.5
33	267956.0
34	289995.5
35	328951.5
36	374529.0
37	456352.0
38	561059.0
39	584570.0
40	597131.5
41	648032.0
42	687783.5
43	750958.5
44	790946.5
45	837511.0
46	909536.5
47	949625.0
48	954217.5
49	949292.5
50	978012.0
51	1017982.0
52	1001282.5
53	946600.5
54	884451.0
55	801158.5
56	749900.5
57	709815.0
58	619823.5
59	513289.0
60	425246.0
61	331355.0
62	237512.5
63	173555.5
64	127656.0
65	98185.5
66	78637.5
67	69503.0
68	56544.0
69	36237.5
70	22079.0
71	13574.5
72	8424.5
73	5328.0
74	2985.0
75	1589.0
76	970.0
77	620.0
78	447.5
79	324.0
80	214.0
81	149.5
82	103.0
83	58.5
84	34.5
85	18.5
86	9.0
87	8.5
88	5.5
89	1.0
90	0.0
91	0.0
92	0.0
93	0.0
94	0.0
95	0.0
96	0.0
97	0.0
98	0.0
99	0.0
100	0.0
>>END_MODULE
>>Per base N content	pass
#Base	N-Count
1	0.0
2	0.0
3	0.0
4	0.0
5	0.0
6	0.0
7	0.0
8	0.0
9	0.0
10-14	0.0
15-19	1.006564663752293E-6
20-24	3.0196939912568784E-6
25-29	3.0196939912568784E-6
30-34	1.2078775965027514E-5
35-39	0.0
40-44	3.139540185375062E-5
45-49	3.0539189236442395E-6
50-54	1.1257703467382903E-5
55-59	9.265453195655837E-6
60-64	2.073020037055026E-6
65-69	1.7768557452660303E-5
70-74	3.1697322185920456E-6
75-79	2.666823689245489E-5
80-84	3.642242488421204E-5
85-89	3.766302804870079E-5
90-91	0.0
>>END_MODULE
>>Sequence Length Distribution	warn
#Length	Count
36-37	41371.0
38-39	39829.0
40-41	40106.0
42-43	40635.0
44-45	40158.0
46-47	41049.0
48-49	41274.0
50-51	42434.0
52-53	44391.0
54-55	46743.0
56-57	48748.0
58-59	50878.0
60-61	54935.0
62-63	60555.0
64-65	64824.0
66-67	70857.0
68-69	81388.0
70-71	86999.0
72-73	99736.0
74-75	67947.0
76-77	31595.0
78-79	31383.0
80-81	31989.0
82-83	31954.0
84-85	33356.0
86-87	35096.0
88-89	78814.0
90-91	1.8490519E7
>>END_MODULE
>>Sequence Duplication Levels	fail
#Total Duplicate Percentage	78.42539846370656
#Duplication Level	Relative count
1	100.0
2	33.33026664826656
3	19.695784841375716
4	13.590014873422573
5	10.391462348774093
6	8.390450342702056
7	6.884707974914516
8	6.015302758483218
9	5.148964227118696
10++	103.22155266264932
>>END_MODULE
>>Overrepresented sequences	warn
#Sequence	Count	Percentage	Possible Source
AATTTCATCATAATTTTTGTTATAAAAAGTAACCTAAAACTTTAATAAAA	51460	0.258989087983465	No Hit
AAAATCAACATTAAATTCTACTAATTTAAGCATCTTTACCTTAAATCAAA	30876	0.155393452790079	No Hit
ATCCTTTCGTACTAAAAATAGGCCATAAAATTTGAGGATAGAAACCAACC	29306	0.14749192017962348	No Hit
AATTTCTTAATCCAACATCGAGGTCGCAAACCTTTTTATCGATAAGAACT	27643	0.13912233500052315	No Hit
ATTTCTTAATCCAACATCGAGGTCGCAAACCTTTTTATCGATAAGAACTC	21149	0.10643918036848622	No Hit
ACTAATGCATTGAGCAGGCGATACCCCCTATAAAAACAGGGGGAGATGTT	20149	0.10140635704972475	No Hit
>>END_MODULE
>>Kmer Content	warn
#Sequence	Count	Obs/Exp Overall	Obs/Exp Max	Max Obs/Exp Position
AAAAA	6954310	3.0720732	4.047268	7
AATTT	4119810	1.9285082	6.2555103	1
TCATC	3017090	1.9166653	5.2461243	5
ATTTC	3295170	1.81436	6.160258	2
GATCG	2302870	1.4287114	5.272285	85-87
ATCGG	2235120	1.3866789	5.1945543	85-87
AGATC	2292890	1.3144821	5.2167597	85-87
>>END_MODULE
