##FastQC	0.10.1
>>Basic Statistics	pass
#Measure	Value	
Filename	SRR6819014_1_paired.fastq	
File type	Conventional base calls	
Encoding	Sanger / Illumina 1.9	
Total Sequences	16556373	
Filtered Sequences	0	
Sequence length	36-91	
%GC	48	
>>END_MODULE
>>Per base sequence quality	pass
#Base	Mean	Median	Lower Quartile	Upper Quartile	10th Percentile	90th Percentile
1	39.36139539740981	40.0	38.0	40.0	38.0	40.0
2	39.30413847284064	40.0	38.0	40.0	38.0	40.0
3	39.2836637589646	40.0	38.0	40.0	38.0	40.0
4	39.28631838627941	40.0	38.0	40.0	38.0	40.0
5	39.29561106167395	40.0	38.0	40.0	38.0	40.0
6	39.29672628177681	40.0	38.0	40.0	38.0	40.0
7	39.2917115964952	40.0	38.0	40.0	38.0	40.0
8	39.28938270477477	40.0	38.0	40.0	38.0	40.0
9	39.29272522429883	40.0	38.0	40.0	38.0	40.0
10-14	39.29325601688244	40.0	38.0	40.0	38.0	40.0
15-19	39.28553786508676	40.0	38.0	40.0	38.0	40.0
20-24	39.26922308406557	40.0	38.0	40.0	38.0	40.0
25-29	39.26121010924313	40.0	38.0	40.0	38.0	40.0
30-34	39.2580616539625	40.0	38.0	40.0	38.0	40.0
35-39	39.23260771845626	40.0	38.0	40.0	38.0	40.0
40-44	39.23212230725918	40.0	38.0	40.0	38.0	40.0
45-49	39.23329456804827	40.0	38.0	40.0	38.0	40.0
50-54	39.22463762839453	40.0	38.0	40.0	38.0	40.0
55-59	39.222406426997075	40.0	38.0	40.0	38.0	40.0
60-64	39.22397122148216	40.0	38.0	40.0	38.0	40.0
65-69	39.21952977535433	40.0	38.0	40.0	38.0	40.0
70-74	39.20949165405036	40.0	38.0	40.0	38.0	40.0
75-79	39.208259221907696	40.0	38.0	40.0	38.0	40.0
80-84	39.19353674757515	40.0	38.0	40.0	38.0	40.0
85-89	39.17731607485376	40.0	38.0	40.0	38.0	40.0
90-91	38.704320374988015	39.0	38.0	40.0	38.0	40.0
>>END_MODULE
>>Per sequence quality scores	pass
#Quality	Count
31	4.0
32	354.0
33	7133.0
34	58547.0
35	254093.0
36	672489.0
37	1317728.0
38	2510119.0
39	1.0245165E7
40	1490741.0
>>END_MODULE
>>Per base sequence content	pass
#Base	G	A	T	C
1	26.277699831961986	29.327685477972743	21.77900316693759	22.61561152312768
2	25.005434463212445	24.056796739237512	27.05617347470971	23.881595322840337
3	23.841248321718773	25.70212690907604	29.325988246338735	21.130636522866453
4	22.83129281999143	25.659986036796827	29.047388579612214	22.46133256359953
5	23.860678905941537	25.662818782833657	27.334712741733952	23.141789569490854
6	25.969510351089575	25.58650375900567	25.79343313900937	22.65055275089538
7	24.444212509587697	25.97626907777446	26.48009923429485	23.099419178342988
8	24.170897816810484	26.141371663950796	26.297384094934316	23.390346424304408
9	24.703731910364667	26.979260493829173	25.40468857520907	22.91231902059708
10-14	24.337494691621167	26.37861686252176	25.91870816150373	23.365180284353343
15-19	24.765904947901333	25.838128918694935	26.233191291353485	23.162774842050247
20-24	24.82242970513445	25.78068669726983	25.671792072717764	23.72509152487796
25-29	24.426700219909275	26.012908745170215	25.995785429574457	23.56460560534605
30-34	24.230994568133646	26.304964638388167	26.02021868075929	23.443822112718898
35-39	24.6946516181183	26.187729178714704	25.445754727905793	23.671864475261206
40-44	24.122884968249764	26.63976013126646	25.468376154623527	23.768978745860245
45-49	24.237831556984	26.076944929356433	25.53992628524054	24.145297228419025
50-54	24.922677112524635	25.633762080814044	25.153339499061804	24.290221307599516
55-59	24.610486150942563	25.583484620441194	25.99072150106883	23.815307727547413
60-64	25.186915510218128	26.19930067225776	24.989412463357606	23.624371354166513
65-69	25.00979519014013	25.950210819198883	25.128338362726932	23.911655627934056
70-74	24.2432941161303	25.552301472478256	25.88975363949665	24.314650771894794
75-79	24.88704346069694	26.15254303004274	24.46606652387464	24.49434698538568
80-84	24.941698630280822	26.34623889727318	24.585811439144855	24.126251033301138
85-89	25.69024218104009	26.11684311901619	24.62873043216335	23.564184267780373
90-91	25.33414275747685	27.030827193013018	23.93369626295532	23.701333786554816
>>END_MODULE
>>Per base GC content	pass
#Base	%GC
1	48.89331135508967
2	48.88702978605278
3	44.971884844585226
4	45.29262538359096
5	47.002468475432394
6	48.620063101984954
7	47.543631687930684
8	47.561244241114885
9	47.61605093096175
10-14	47.70267497597451
15-19	47.92867978995158
20-24	48.54752123001241
25-29	47.991305825255324
30-34	47.674816680852544
35-39	48.36651609337951
40-44	47.89186371411001
45-49	48.383128785403024
50-54	49.21289842012415
55-59	48.425793878489976
60-64	48.81128686438464
65-69	48.921450818074184
70-74	48.5579448880251
75-79	49.38139044608262
80-84	49.06794966358196
85-89	49.25442644882046
90-91	49.03547654403167
>>END_MODULE
>>Per sequence GC content	warn
#GC Content	Count
0	53.0
1	143.5
2	233.5
3	242.0
4	247.5
5	259.0
6	341.0
7	438.5
8	529.0
9	682.5
10	836.0
11	1021.0
12	1264.0
13	1475.5
14	1737.0
15	2376.5
16	3361.0
17	4420.5
18	11226.0
19	15278.0
20	15404.0
21	33381.0
22	49983.5
23	41522.0
24	37196.0
25	56990.0
26	79169.5
27	88091.0
28	110559.0
29	131900.0
30	138374.5
31	154873.5
32	177574.5
33	191153.0
34	206152.5
35	232396.0
36	261550.0
37	313721.0
38	387351.0
39	407978.0
40	422605.5
41	465258.5
42	506201.0
43	574876.0
44	618341.5
45	668195.0
46	734227.0
47	775420.0
48	786056.0
49	779574.5
50	820170.0
51	889555.0
52	878200.5
53	830790.0
54	810852.5
55	745608.0
56	692806.5
57	683663.0
58	623880.0
59	517898.0
60	435349.0
61	342948.5
62	244110.0
63	173129.5
64	125233.0
65	99836.5
66	87838.0
67	85966.5
68	65873.5
69	35217.5
70	19804.5
71	12454.5
72	6639.5
73	4192.5
74	2366.0
75	1227.0
76	793.5
77	520.5
78	384.5
79	287.5
80	197.0
81	150.5
82	104.5
83	62.5
84	38.5
85	25.5
86	17.0
87	9.5
88	7.0
89	3.5
90	1.0
91	1.5
92	1.5
93	1.0
94	0.5
95	0.0
96	0.0
97	0.0
98	0.0
99	0.0
100	0.0
>>END_MODULE
>>Per base N content	pass
#Base	N-Count
1	0.0
2	0.0
3	0.0
4	0.0
5	0.0
6	0.0
7	0.0
8	0.0
9	0.0
10-14	0.0
15-19	0.0
20-24	1.2079940455557506E-6
25-29	0.0
30-34	6.039970227778753E-6
35-39	0.0
40-44	4.009165876516768E-5
45-49	1.220544060932684E-6
50-54	1.9620192557720062E-5
55-59	1.9719298983357985E-5
60-64	3.7184042081626632E-6
65-69	1.6223914784212075E-5
70-74	5.036110676186998E-6
75-79	3.0459582171443053E-5
80-84	3.313137846731822E-5
85-89	3.967391116550561E-5
90-91	0.0
>>END_MODULE
>>Sequence Length Distribution	warn
#Length	Count
36-37	32508.0
38-39	30782.0
40-41	30807.0
42-43	30953.0
44-45	30129.0
46-47	30266.0
48-49	30053.0
50-51	30824.0
52-53	31894.0
54-55	33199.0
56-57	34185.0
58-59	35839.0
60-61	38135.0
62-63	41232.0
64-65	44780.0
66-67	48400.0
68-69	55410.0
70-71	59621.0
72-73	68099.0
74-75	47945.0
76-77	25432.0
78-79	25019.0
80-81	25884.0
82-83	25760.0
84-85	26833.0
86-87	28298.0
88-89	64657.0
90-91	1.5549429E7
>>END_MODULE
>>Sequence Duplication Levels	fail
#Total Duplicate Percentage	80.25032949576239
#Duplication Level	Relative count
1	100.0
2	33.44676713660671
3	19.883325230918814
4	13.853655662114583
5	10.531665709108587
6	8.342540622560069
7	6.816340360336471
8	5.84552378426953
9	4.945419189463915
10++	90.96801756014202
>>END_MODULE
>>Overrepresented sequences	warn
#Sequence	Count	Percentage	Possible Source
GGGTAAAACTAACCTGTCTCACGACGGTCTAAACCCAGCTCACGTTCCCT	34327	0.20733405800896126	No Hit
AATTTCATCATAATTTTTGTTATAAAAAGTAACCTAAAACTTTAATAAAA	33769	0.20396375462186073	No Hit
CGATCGCAGAACGACTTATGCAAGAGAGCCGCCAATTCAGGCAGTCTCCA	27054	0.1634053545423264	No Hit
AGAGAGTCATAGTTACTCCCGCCGTTTACCCGCGCTTCGTTGAATTTCTT	23379	0.14120846395523945	No Hit
AATTTCTTAATCCAACATCGAGGTCGCAAACCTTTTTATCGATAAGAACT	21829	0.1318465101021824	No Hit
GATTCTACCTTCAGAGGCCTTCAGGTATAATCATCCGGACGTAGCCTCGC	20213	0.12208591821409194	No Hit
GGCCTCCACAGGTTGAGCACCGCAACTTTTTCTCTTTTACAAAAAAAAGC	19762	0.11936189164136372	No Hit
GGCGCCTTAACCGGGCGTTTGGTTCATCCCACAGCGCCAGTTCTGCTTAC	18637	0.11256692513511263	No Hit
ATCCTTATCCCGAAGTTACGGATCCAATTTGCCGATTTCCCTTACCCACA	18483	0.1116367697200347	No Hit
ACTCGTAGGCGACATCCATCAGGTCACGGGGAATAGAGCACTGGCGAGGA	18314	0.11061601475154008	No Hit
CCACTCCGGCGATGTTGTCCGACCGTGAAGAGAGTCGGGCTTTGACACCC	17731	0.10709471210874506	No Hit
GGTTCGTCCGGCCGACTCGACCAAACCCTTTTAAGGGGGAAAGATCTCGC	17447	0.1053793605640559	No Hit
GGCGGCCGAGATCTACCACGAGCGCCCGACTTTTGAGGGCCAAACACTCG	16795	0.10144129997554416	No Hit
>>END_MODULE
>>Kmer Content	warn
#Sequence	Count	Obs/Exp Overall	Obs/Exp Max	Max Obs/Exp Position
AAAAA	5162260	3.0295503	4.200896	40-44
AATTT	3086670	1.9314822	6.110662	1
ATTTC	2565855	1.7665414	5.435809	2
>>END_MODULE
