##FastQC	0.10.1
>>Basic Statistics	pass
#Measure	Value	
Filename	SRR6819015_2_paired.fastq	
File type	Conventional base calls	
Encoding	Sanger / Illumina 1.9	
Total Sequences	19869563	
Filtered Sequences	0	
Sequence length	36-91	
%GC	47	
>>END_MODULE
>>Per base sequence quality	pass
#Base	Mean	Median	Lower Quartile	Upper Quartile	10th Percentile	90th Percentile
1	39.338669803658995	40.0	38.0	40.0	38.0	40.0
2	39.28532167516719	40.0	38.0	40.0	38.0	40.0
3	39.272485056666824	40.0	38.0	40.0	38.0	40.0
4	39.28110834646942	40.0	38.0	40.0	38.0	40.0
5	39.28774905618206	40.0	38.0	40.0	38.0	40.0
6	39.28385158747578	40.0	38.0	40.0	38.0	40.0
7	39.285745539547094	40.0	38.0	40.0	38.0	40.0
8	39.28655204948393	40.0	38.0	40.0	38.0	40.0
9	39.28806632536408	40.0	38.0	40.0	38.0	40.0
10-14	39.28184483976824	40.0	38.0	40.0	38.0	40.0
15-19	39.27076002627737	40.0	38.0	40.0	38.0	40.0
20-24	39.26121725978574	40.0	38.0	40.0	38.0	40.0
25-29	39.24543651010342	40.0	38.0	40.0	38.0	40.0
30-34	39.2283862206733	40.0	38.0	40.0	38.0	40.0
35-39	39.19321976685046	40.0	38.0	40.0	38.0	40.0
40-44	39.19139541517639	40.0	38.0	40.0	38.0	40.0
45-49	39.17922498030131	40.0	38.0	40.0	38.0	40.0
50-54	39.1681622657211	40.0	38.0	40.0	38.0	40.0
55-59	39.1572934934607	40.0	38.0	40.0	38.0	40.0
60-64	39.16158306541699	40.0	38.0	40.0	38.0	40.0
65-69	39.14908795818586	40.0	38.0	40.0	38.0	40.0
70-74	39.12240851272519	40.0	38.0	40.0	38.0	40.0
75-79	39.11015024408597	40.0	38.0	40.0	38.0	40.0
80-84	39.08860414697848	40.0	38.0	40.0	38.0	40.0
85-89	39.065848714559	40.0	38.0	40.0	38.0	40.0
90-91	38.39698594420718	39.0	38.0	40.0	35.0	40.0
>>END_MODULE
>>Per sequence quality scores	pass
#Quality	Count
31	5.0
32	478.0
33	10034.0
34	79986.0
35	337936.0
36	877063.0
37	1682094.0
38	3151965.0
39	1.2704313E7
40	1025689.0
>>END_MODULE
>>Per base sequence content	pass
#Base	G	A	T	C
1	24.602408216023676	26.618164677300655	22.18754886556891	26.591878241106766
2	23.569035786756594	23.755250305781857	26.062619312549344	26.613094594912205
3	22.22499027783377	25.34442286870916	28.029144907862246	24.401441945594822
4	22.744971586909994	25.87243720148716	26.98084238391238	24.40174882769047
5	22.559806828074752	26.086433545513906	26.632676304661896	24.721083321749447
6	23.246659361688806	25.135559143848006	26.128963324595677	25.48881816986751
7	23.447835298995344	26.297113720250533	25.881558406158728	24.3734925745954
8	22.478211773274708	25.987111642778622	26.7622722011825	24.77240438276417
9	22.824447623734855	24.831190298447932	26.393962464096465	25.95039961372074
10-14	22.86546047532865	26.19623146394703	26.293351874523978	24.644956186200343
15-19	23.03488970788364	25.821038749038127	26.455535888622727	24.688535654455507
20-24	22.707164581544124	26.040122197776338	26.547903960589043	24.704809260090496
25-29	22.876161580689867	26.059166758498918	26.522235839476764	24.542435821334443
30-34	23.055438106220006	25.726115208869942	26.483370009534784	24.735076675375264
35-39	22.889194076476834	25.83143753543865	26.53662284820249	24.742745539882026
40-44	22.89893172477795	26.062764149383348	26.58384408719731	24.45446003864139
45-49	23.079912329663273	25.895169415144704	26.269594854038676	24.75532340115335
50-54	22.974051258285712	25.852188623842785	26.537544696433258	24.636215421438244
55-59	23.08551915639855	26.164039359028735	26.442037018511733	24.30840446606098
60-64	23.040685296079705	26.091662218207734	26.314038899726512	24.55361358598605
65-69	22.920767538510276	25.932977823269947	26.404677178812342	24.741577459407434
70-74	22.806143527723695	26.153906966210027	26.49088082250261	24.549068683563664
75-79	22.920689278689196	26.318211566267948	26.126933686375587	24.63416546866727
80-84	23.03834433949001	26.56309311510034	25.95843511488436	24.44012743052529
85-89	23.56803427230335	27.01947920734377	25.231899918058527	24.18058660229435
90-91	24.022301079939226	26.458694489967545	24.80521684046985	24.71378758962338
>>END_MODULE
>>Per base GC content	pass
#Base	%GC
1	51.19428645713043
2	50.1821303816688
3	46.626432223428594
4	47.14672041460046
5	47.2808901498242
6	48.73547753155631
7	47.82132787359074
8	47.25061615603888
9	48.774847237455596
10-14	47.51041666152899
15-19	47.72342536233914
20-24	47.41197384163462
25-29	47.41859740202432
30-34	47.79051478159527
35-39	47.63193961635886
40-44	47.35339176341934
45-49	47.83523573081662
50-54	47.610266679723956
55-59	47.39392362245953
60-64	47.59429888206576
65-69	47.662344997917714
70-74	47.35521221128736
75-79	47.554854747356465
80-84	47.478471770015304
85-89	47.748620874597705
90-91	48.736088669562605
>>END_MODULE
>>Per sequence GC content	warn
#GC Content	Count
0	20.0
1	19.0
2	18.5
3	21.0
4	29.5
5	41.0
6	67.5
7	125.0
8	194.0
9	312.0
10	470.0
11	636.0
12	845.0
13	1170.5
14	1712.0
15	2435.0
16	3285.0
17	4483.0
18	7547.5
19	13906.0
20	29847.5
21	43992.0
22	47935.0
23	52543.0
24	66765.5
25	83178.5
26	93921.5
27	102617.0
28	117092.5
29	136399.0
30	171968.0
31	209921.5
32	232943.0
33	248150.0
34	274173.0
35	333892.5
36	386011.5
37	430620.5
38	485452.0
39	548746.5
40	606368.5
41	646333.5
42	686663.0
43	740024.5
44	777596.5
45	823058.5
46	893652.5
47	942531.0
48	981261.5
49	1028466.0
50	1049215.0
51	1032405.0
52	1007419.5
53	982341.0
54	931109.0
55	858662.0
56	822658.5
57	772011.0
58	650068.0
59	525146.0
60	425446.5
61	331087.5
62	253407.5
63	188402.5
64	139090.0
65	108788.0
66	82800.5
67	67068.5
68	55986.0
69	37895.0
70	25020.5
71	16981.5
72	10680.0
73	7612.0
74	5068.5
75	2673.0
76	1486.5
77	1009.0
78	730.5
79	500.0
80	306.0
81	200.0
82	132.5
83	79.5
84	43.5
85	27.5
86	22.5
87	15.0
88	8.0
89	5.0
90	4.0
91	5.5
92	6.0
93	3.5
94	1.5
95	1.0
96	2.0
97	3.0
98	1.5
99	14.5
100	29.0
>>END_MODULE
>>Per base N content	pass
#Base	N-Count
1	0.0
2	3.0196939912568786E-5
3	1.0065646637522928E-4
4	1.2078775965027515E-4
5	4.529540986885318E-5
6	3.5229763231330246E-5
7	3.0196939912568786E-5
8	1.0065646637522929E-5
9	0.0
10-14	6.039387982513757E-6
15-19	7.04595264626605E-6
20-24	1.7111599283788978E-5
25-29	3.0196939912568784E-6
30-34	1.3085340628779808E-5
35-39	1.108697823118188E-5
40-44	1.621126964303078E-5
45-49	5.094292709011596E-6
50-54	6.1500738562369395E-6
55-59	1.6509397288234504E-5
60-64	4.158652639794694E-6
65-69	1.0493026277024645E-5
70-74	4.0356388541623345E-5
75-79	1.2887678831310916E-5
80-84	1.0802016451298222E-6
85-89	4.020732548781918E-5
90-91	0.0
>>END_MODULE
>>Sequence Length Distribution	warn
#Length	Count
36-37	44205.0
38-39	43122.0
40-41	42794.0
42-43	43015.0
44-45	44077.0
46-47	44328.0
48-49	46720.0
50-51	50196.0
52-53	48665.0
54-55	51447.0
56-57	55962.0
58-59	56282.0
60-61	59986.0
62-63	66586.0
64-65	71236.0
66-67	79370.0
68-69	88112.0
70-71	96637.0
72-73	112940.0
74-75	78735.0
76-77	46096.0
78-79	41117.0
80-81	42591.0
82-83	43107.0
84-85	43285.0
86-87	45237.0
88-89	106152.0
90-91	1.8277563E7
>>END_MODULE
>>Sequence Duplication Levels	fail
#Total Duplicate Percentage	73.80139738840145
#Duplication Level	Relative count
1	100.0
2	34.33170188781553
3	18.828213067735906
4	12.465575548294117
5	9.28354332843424
6	6.892024942566459
7	5.657738902127538
8	4.733094562006821
9	4.026769024414606
10++	89.16539432941882
>>END_MODULE
>>Overrepresented sequences	pass
>>END_MODULE
>>Kmer Content	warn
#Sequence	Count	Obs/Exp Overall	Obs/Exp Max	Max Obs/Exp Position
TTTTT	6405095	3.0344718	3.5262744	50-54
GAAGA	4658825	2.9512966	6.1271777	85-87
GGAAG	2553290	1.8305112	5.4144745	85-87
AGATC	2724195	1.5973921	5.8573446	85-87
GATCG	2183225	1.4487972	6.0106835	85-87
CGGAA	2025600	1.355827	5.2657275	85-87
ATCGG	1781845	1.1824399	5.6292048	85-87
>>END_MODULE
