##FastQC	0.10.1
>>Basic Statistics	pass
#Measure	Value	
Filename	SRR6819022_2_paired.fastq	
File type	Conventional base calls	
Encoding	Sanger / Illumina 1.9	
Total Sequences	20559906	
Filtered Sequences	0	
Sequence length	36-91	
%GC	47	
>>END_MODULE
>>Per base sequence quality	pass
#Base	Mean	Median	Lower Quartile	Upper Quartile	10th Percentile	90th Percentile
1	39.36984167145511	40.0	40.0	40.0	38.0	40.0
2	39.31894250878384	40.0	40.0	40.0	38.0	40.0
3	39.30601779015916	40.0	40.0	40.0	38.0	40.0
4	39.31271816126008	40.0	38.0	40.0	38.0	40.0
5	39.31606311818741	40.0	38.0	40.0	38.0	40.0
6	39.311342036291414	40.0	38.0	40.0	38.0	40.0
7	39.31177807914102	40.0	38.0	40.0	38.0	40.0
8	39.31258061199307	40.0	38.0	40.0	38.0	40.0
9	39.314092048864424	40.0	38.0	40.0	38.0	40.0
10-14	39.308423316721395	40.0	38.0	40.0	38.0	40.0
15-19	39.296586784005726	40.0	38.0	40.0	38.0	40.0
20-24	39.287420555327444	40.0	38.0	40.0	38.0	40.0
25-29	39.271638615468376	40.0	38.0	40.0	38.0	40.0
30-34	39.25478831469366	40.0	38.0	40.0	38.0	40.0
35-39	39.220444434763905	40.0	38.0	40.0	38.0	40.0
40-44	39.2189657992368	40.0	38.0	40.0	38.0	40.0
45-49	39.20683832912893	40.0	38.0	40.0	38.0	40.0
50-54	39.196089752339326	40.0	38.0	40.0	38.0	40.0
55-59	39.18480258662376	40.0	38.0	40.0	38.0	40.0
60-64	39.18921913673652	40.0	38.0	40.0	38.0	40.0
65-69	39.17687850971238	40.0	38.0	40.0	38.0	40.0
70-74	39.1506718974433	40.0	38.0	40.0	38.0	40.0
75-79	39.138745685889454	40.0	38.0	40.0	38.0	40.0
80-84	39.118514115764285	40.0	38.0	40.0	38.0	40.0
85-89	39.096956922020894	40.0	38.0	40.0	38.0	40.0
90-91	38.42737244304044	39.0	38.0	40.0	35.0	40.0
>>END_MODULE
>>Per sequence quality scores	pass
#Quality	Count
31	4.0
32	447.0
33	9681.0
34	77325.0
35	329020.0
36	861792.0
37	1672061.0
38	3184564.0
39	1.329046E7
40	1134552.0
>>END_MODULE
>>Per base sequence content	pass
#Base	G	A	T	C
1	24.431172010222227	27.47036878476001	22.34079280323558	25.75766640178219
2	23.465825391457418	24.16614984344038	25.861362451245505	26.5066623138567
3	22.454251099458546	25.43188819124691	27.491801635348978	24.62205907394557
4	22.79970548471966	26.042214051402233	26.771298904215605	24.386781559662495
5	22.191281725479715	26.23659927429587	26.59525871096417	24.976860289260248
6	23.154179891642464	25.124860778742153	25.828507231480074	25.892452098135305
7	23.115049564433765	26.38449576418256	25.849308440350693	24.651146231032985
8	22.14196136324372	26.109333973543848	26.69756142830239	25.051143234910043
9	22.87259484552118	24.81530800773116	26.077405217708684	26.234691929038977
10-14	22.776950352864468	26.205420441335498	26.127201209079505	24.89042799672053
15-19	22.929785830422304	25.750540218956857	26.3325176388711	24.98715631174974
20-24	22.61199176805495	26.007702176041285	26.368915924899262	25.0113901310045
25-29	22.764738012850973	26.08280775455319	26.282500307613283	24.869953924982553
30-34	22.989160989718677	25.736434651466983	26.30823890560184	24.9661654532125
35-39	22.76539912133583	25.838167077091732	26.37684365005994	25.019590151512496
40-44	22.753816015865905	26.146217863391243	26.32404579786629	24.775920322876562
45-49	23.000055534241916	25.952142543407895	26.014451628470592	25.033350293879597
50-54	22.84647753989134	25.901761836543784	26.300821023607497	24.95093959995738
55-59	22.908423933485686	26.2737820926842	26.21168376564128	24.606110208188838
60-64	22.93243473183298	26.12931694694285	26.124916318311897	24.813332002912276
65-69	22.858337681935833	25.962552265530793	26.241638013408174	24.9374720391252
70-74	22.6488361481261	26.200140246803176	26.356521646944596	24.794501958126126
75-79	22.84937528183699	26.28962048346379	25.988569700837544	24.87243453386167
80-84	22.805460641700844	26.468376163915668	25.965187178182692	24.760976016200797
85-89	23.17349575263597	26.74930109715244	25.434733154704407	24.64246999550718
90-91	23.60084821991191	26.284516065172625	24.999916162424217	25.11471955249125
>>END_MODULE
>>Per base GC content	pass
#Base	%GC
1	50.18883841200441
2	49.972487705314116
3	47.07631017340411
4	47.18648704438216
5	47.16814201473996
6	49.04663198977777
7	47.76619579546675
8	47.19310459815377
9	49.10728677456015
10-14	47.667378349585
15-19	47.91694214217204
20-24	47.62338189905945
25-29	47.63469193783353
30-34	47.955326442931174
35-39	47.78498927284833
40-44	47.52973633874247
45-49	48.03340582812151
50-54	47.79741713984872
55-59	47.514534141674524
60-64	47.74576673474525
65-69	47.79580972106103
70-74	47.44333810625223
75-79	47.72180981569867
80-84	47.56643665790164
85-89	47.81596574814315
90-91	48.715567772403155
>>END_MODULE
>>Per sequence GC content	warn
#GC Content	Count
0	32.0
1	20.5
2	8.5
3	9.0
4	23.0
5	39.5
6	66.0
7	120.0
8	191.0
9	317.0
10	451.5
11	562.0
12	727.5
13	1000.0
14	1416.0
15	2034.5
16	2761.5
17	3725.5
18	6019.5
19	11359.0
20	25987.0
21	40651.0
22	45699.5
23	49677.5
24	62151.5
25	78741.0
26	90441.5
27	101309.0
28	118695.5
29	135751.5
30	168888.0
31	210706.5
32	236241.0
33	249946.0
34	278842.5
35	338758.0
36	390407.0
37	439231.0
38	494756.5
39	556890.5
40	616574.0
41	662260.0
42	704820.0
43	758605.5
44	798123.5
45	845076.5
46	921650.0
47	969081.5
48	1003289.5
49	1057849.5
50	1083155.0
51	1062566.0
52	1040669.0
53	1026186.5
54	979590.0
55	909358.5
56	876186.0
57	818128.5
58	677884.5
59	534982.0
60	429213.0
61	337578.5
62	260447.5
63	196683.0
64	148581.5
65	116956.5
66	87707.5
67	68663.0
68	57276.5
69	39143.5
70	25856.5
71	17497.0
72	11121.0
73	7895.5
74	5332.5
75	3141.0
76	1995.0
77	1239.0
78	841.0
79	557.5
80	319.5
81	199.5
82	124.0
83	79.0
84	48.5
85	33.5
86	21.5
87	11.5
88	6.0
89	3.5
90	4.0
91	5.0
92	4.0
93	2.0
94	0.5
95	0.0
96	0.5
97	0.5
98	0.5
99	22.0
100	43.0
>>END_MODULE
>>Per base N content	pass
#Base	N-Count
1	0.0
2	3.404684826866426E-5
3	6.322986107037649E-5
4	1.0700438027294483E-4
5	5.8366025603424454E-5
6	3.404684826866426E-5
7	9.727670933904075E-6
8	9.727670933904075E-6
9	0.0
10-14	3.8910683735616305E-6
15-19	8.754903840513668E-6
20-24	9.727670933904075E-6
25-29	2.9183012801712227E-6
30-34	1.4591506400856113E-5
35-39	2.045307236849237E-5
40-44	1.2721845374522467E-5
45-49	6.884003305187004E-6
50-54	2.9657185182182853E-6
55-59	1.9880367107678152E-5
60-64	5.999493342787202E-6
65-69	8.05389910900721E-6
70-74	2.9448245586751368E-5
75-79	1.4337310021809402E-5
80-84	0.0
85-89	4.5559778187663914E-5
90-91	0.0
>>END_MODULE
>>Sequence Length Distribution	warn
#Length	Count
36-37	41973.0
38-39	40734.0
40-41	39940.0
42-43	39747.0
44-45	39916.0
46-47	40477.0
48-49	42461.0
50-51	44495.0
52-53	42237.0
54-55	43897.0
56-57	47353.0
58-59	46288.0
60-61	47583.0
62-63	51783.0
64-65	54038.0
66-67	60283.0
68-69	65912.0
70-71	71890.0
72-73	83561.0
74-75	63205.0
76-77	45832.0
78-79	40694.0
80-81	41854.0
82-83	41955.0
84-85	42747.0
86-87	44207.0
88-89	104004.0
90-91	1.919084E7
>>END_MODULE
>>Sequence Duplication Levels	fail
#Total Duplicate Percentage	75.33393647851479
#Duplication Level	Relative count
1	100.0
2	35.429184869313694
3	20.65335699056196
4	13.806676706078814
5	10.164159298632752
6	8.008170689886535
7	6.573826954330615
8	5.442156585009468
9	4.669817650479357
10++	93.4530110781434
>>END_MODULE
>>Overrepresented sequences	pass
>>END_MODULE
>>Kmer Content	pass
>>END_MODULE
