##FastQC	0.10.1
>>Basic Statistics	pass
#Measure	Value	
Filename	SRR6819018_1_paired.fastq	
File type	Conventional base calls	
Encoding	Sanger / Illumina 1.9	
Total Sequences	26596982	
Filtered Sequences	0	
Sequence length	36-91	
%GC	47	
>>END_MODULE
>>Per base sequence quality	pass
#Base	Mean	Median	Lower Quartile	Upper Quartile	10th Percentile	90th Percentile
1	39.397078209851024	40.0	40.0	40.0	38.0	40.0
2	39.347291734077196	40.0	40.0	40.0	38.0	40.0
3	39.326611192202186	40.0	40.0	40.0	38.0	40.0
4	39.3308686677308	40.0	40.0	40.0	38.0	40.0
5	39.338143290092084	40.0	40.0	40.0	38.0	40.0
6	39.33795187739722	40.0	40.0	40.0	38.0	40.0
7	39.333785164046056	40.0	40.0	40.0	38.0	40.0
8	39.33080753297498	40.0	40.0	40.0	38.0	40.0
9	39.331705604793804	40.0	40.0	40.0	38.0	40.0
10-14	39.33231127501609	40.0	40.0	40.0	38.0	40.0
15-19	39.32457025387316	40.0	38.8	40.0	38.0	40.0
20-24	39.309613218522315	40.0	38.0	40.0	38.0	40.0
25-29	39.299340165737604	40.0	38.0	40.0	38.0	40.0
30-34	39.29809149774964	40.0	38.0	40.0	38.0	40.0
35-39	39.2718719896147	40.0	38.0	40.0	38.0	40.0
40-44	39.270390912446096	40.0	38.0	40.0	38.0	40.0
45-49	39.26790123470491	40.0	38.0	40.0	38.0	40.0
50-54	39.2594007775377	40.0	38.0	40.0	38.0	40.0
55-59	39.25524253791549	40.0	38.0	40.0	38.0	40.0
60-64	39.25710064129727	40.0	38.0	40.0	38.0	40.0
65-69	39.252940461586675	40.0	38.0	40.0	38.0	40.0
70-74	39.24068210993164	40.0	38.0	40.0	38.0	40.0
75-79	39.236320328202005	40.0	38.0	40.0	38.0	40.0
80-84	39.22020109355422	40.0	38.0	40.0	38.0	40.0
85-89	39.20315194017955	40.0	38.0	40.0	38.0	40.0
90-91	38.7318696565263	39.0	38.0	40.0	38.0	40.0
>>END_MODULE
>>Per sequence quality scores	pass
#Quality	Count
31	2.0
32	359.0
33	8562.0
34	73515.0
35	335873.0
36	958435.0
37	2019052.0
38	4029319.0
39	1.669516E7
40	2476705.0
>>END_MODULE
>>Per base sequence content	pass
#Base	G	A	T	C
1	26.134781006356285	29.909013736972113	22.589901365500793	21.36630389117081
2	24.492733799646892	24.60506233376403	27.833071436450947	23.069132430138126
3	24.128757320238712	26.394085855082576	29.663257645670388	19.813899179008324
4	23.24335520473714	26.003157049923935	29.509554881076355	21.243932864262568
5	24.022210489896935	26.062201342994477	27.749866507410502	22.165721659698082
6	25.92575729080841	26.22599812264414	26.61263597501401	21.235608611533443
7	24.758109773507385	26.4933104064213	27.015538830683873	21.73304098938744
8	24.973243204811734	25.89704350666553	26.881764254305246	22.24794903421749
9	25.388136142664607	26.96351413103938	25.81805710136586	21.830292624930152
10-14	24.681298802999528	26.67651690706863	26.571256092138572	22.07092819779327
15-19	24.826992211574925	26.41511150712597	26.492407495650504	22.265488785648603
20-24	25.01609919549817	26.31485410833016	26.293693812138347	22.37535288403332
25-29	24.69776589007954	26.36952252032631	26.31885135656786	22.613860233026294
30-34	24.684463024333063	26.76177571752701	26.35949242052988	22.19426883761005
35-39	24.80203698437907	26.79549036902717	25.77090420157572	22.631568445018036
40-44	24.57560817334684	26.664627495950242	26.043142364088993	22.71662196661392
45-49	24.76727929450296	26.404532081042248	25.97232908809839	22.85585953635641
50-54	25.446751687139084	25.70417606082137	25.612282802921854	23.23678944911769
55-59	24.838372269867147	25.827801006235518	26.554058441244223	22.77976828265312
60-64	25.26195886761734	26.369278756595232	25.81630758634006	22.552454789447367
65-69	25.3298868159268	25.810915918850036	25.92259810478649	22.93659916043667
70-74	24.524953060578593	25.900072709931475	26.4354426376694	23.139531591820532
75-79	25.17681475909918	26.192054305836145	25.388933998907014	23.242196936157665
80-84	25.544440313314116	26.19670131891515	25.31303617798709	22.945822189783645
85-89	25.807295114205104	26.42871547593795	25.286990655727326	22.47699875412962
90-91	25.492991355396192	27.414823228424158	24.627560139122366	22.46462527705728
>>END_MODULE
>>Per base GC content	pass
#Base	%GC
1	47.50108489752709
2	47.56186622978502
3	43.94265649924704
4	44.48728806899971
5	46.18793214959502
6	47.16136590234185
7	46.491150762894826
8	47.22119223902922
9	47.21842876759476
10-14	46.75222700079279
15-19	47.09248099722353
20-24	47.39145207953149
25-29	47.31162612310583
30-34	46.87873186194311
35-39	47.433605429397105
40-44	47.292230139960765
45-49	47.62313883085937
50-54	48.68354113625678
55-59	47.61814055252026
60-64	47.814413657064705
65-69	48.26648597636347
70-74	47.664484652399125
75-79	48.41901169525685
80-84	48.49026250309776
85-89	48.28429386833472
90-91	47.95761663245347
>>END_MODULE
>>Per sequence GC content	warn
#GC Content	Count
0	29.0
1	42.5
2	56.0
3	61.5
4	85.5
5	113.5
6	163.0
7	288.0
8	428.0
9	641.5
10	975.0
11	1329.0
12	1712.0
13	2150.0
14	2719.5
15	3682.0
16	5167.5
17	6915.0
18	18469.5
19	25495.0
20	26703.5
21	56210.5
22	82356.5
23	68881.5
24	62252.5
25	94698.5
26	133152.5
27	151284.5
28	192259.0
29	232652.0
30	253736.0
31	296307.0
32	345973.0
33	372622.5
34	396196.0
35	438198.0
36	491406.0
37	579392.5
38	702260.5
39	737847.5
40	761048.0
41	824304.0
42	864729.0
43	955389.0
44	1019067.5
45	1088950.5
46	1209248.0
47	1262581.5
48	1242434.5
49	1239799.0
50	1324913.0
51	1429246.5
52	1410383.0
53	1327008.0
54	1237650.5
55	1118686.0
56	1053654.5
57	995734.0
58	870627.0
59	705748.0
60	575228.5
61	448238.5
62	309211.0
63	225388.5
64	167534.5
65	127521.0
66	99686.5
67	85975.0
68	68666.5
69	43269.0
70	26999.0
71	16305.5
72	9346.0
73	6221.5
74	3866.5
75	2106.0
76	1293.5
77	613.5
78	394.5
79	268.5
80	174.5
81	118.5
82	69.5
83	46.0
84	38.5
85	28.0
86	16.5
87	15.0
88	8.0
89	1.5
90	0.5
91	0.0
92	0.0
93	0.0
94	0.0
95	0.0
96	0.0
97	0.0
98	0.0
99	0.5
100	1.0
>>END_MODULE
>>Per base N content	pass
#Base	N-Count
1	0.0
2	0.0
3	3.759825080905796E-6
4	0.0
5	0.0
6	0.0
7	0.0
8	0.0
9	0.0
10-14	0.0
15-19	7.519650161811592E-7
20-24	3.0078600647246367E-6
25-29	2.2558950485434776E-6
30-34	1.5039300323623185E-5
35-39	0.0
40-44	3.324733758343117E-5
45-49	0.0
50-54	8.37927741925812E-6
55-59	1.4536086906826283E-5
60-64	3.074884877655443E-6
65-69	2.5510740682787552E-5
70-74	0.0
75-79	3.0567997841052855E-5
80-84	3.146727712345159E-5
85-89	3.712036186508336E-5
90-91	0.0
>>END_MODULE
>>Sequence Length Distribution	warn
#Length	Count
36-37	44069.0
38-39	42162.0
40-41	42016.0
42-43	43554.0
44-45	41854.0
46-47	42513.0
48-49	42427.0
50-51	42754.0
52-53	44241.0
54-55	45560.0
56-57	47654.0
58-59	48563.0
60-61	51337.0
62-63	55067.0
64-65	58548.0
66-67	63959.0
68-69	73292.0
70-71	77922.0
72-73	89152.0
74-75	64941.0
76-77	36839.0
78-79	37200.0
80-81	38205.0
82-83	38344.0
84-85	39708.0
86-87	41468.0
88-89	95821.0
90-91	2.5207812E7
>>END_MODULE
>>Sequence Duplication Levels	fail
#Total Duplicate Percentage	81.50078381119849
#Duplication Level	Relative count
1	100.0
2	33.866753755715216
3	21.40843617862422
4	15.33569390491251
5	11.6143559421087
6	9.794080236515521
7	8.152566262160954
8	6.839355082677301
9	6.127745883323593
10++	130.63357282821684
>>END_MODULE
>>Overrepresented sequences	warn
#Sequence	Count	Percentage	Possible Source
AATTTCATCATAATTTTTGTTATAAAAAGTAACCTAAAACTTTAATAAAA	50673	0.1905216163247394	No Hit
ACTCGTAGGCGACATCCATCAGGTCACGGGGAATAGAGCACTGGCGAGGA	41802	0.15716820803202408	No Hit
CTTCAATGAAGTTGTCGGCGGTTTTCTTGATGACGGCCAAAACCTCGTTT	36311	0.13652300851277036	No Hit
ATCCTTTCGTACTAAAAATAGGCCATAAAATTTGAGGATAGAAACCAACC	31545	0.11860368217717332	No Hit
AATTTCTTAATCCAACATCGAGGTCGCAAACCTTTTTATCGATAAGAACT	30043	0.11295642490565282	No Hit
CCGTCCATGCCATAGGCAATGGAAGAACCGATACGACGGGCCTTGATGGA	28248	0.10620753888542693	No Hit
AAAATCAACATTAAATTCTACTAATTTAAGCATCTTTACCTTAAATCAAA	27755	0.10435394512054037	No Hit
GCGTCAACCTCGGCGCACAGAACGAAGTTGTTCTGGCCCTCGACTTCATC	26855	0.10097010254772516	No Hit
>>END_MODULE
>>Kmer Content	warn
#Sequence	Count	Obs/Exp Overall	Obs/Exp Max	Max Obs/Exp Position
ATTTC	4551585	1.8925155	5.1949863	2
AATTT	5259975	1.8737975	5.677331	1
>>END_MODULE
