##FastQC	0.10.1
>>Basic Statistics	pass
#Measure	Value	
Filename	SRR6819018_2_paired.fastq	
File type	Conventional base calls	
Encoding	Sanger / Illumina 1.9	
Total Sequences	26596982	
Filtered Sequences	0	
Sequence length	36-91	
%GC	48	
>>END_MODULE
>>Per base sequence quality	pass
#Base	Mean	Median	Lower Quartile	Upper Quartile	10th Percentile	90th Percentile
1	39.30637897186982	40.0	38.0	40.0	38.0	40.0
2	39.24315916745742	40.0	38.0	40.0	38.0	40.0
3	39.226242210488394	40.0	38.0	40.0	38.0	40.0
4	39.23315844632297	40.0	38.0	40.0	38.0	40.0
5	39.24090819777973	40.0	38.0	40.0	38.0	40.0
6	39.23813671791785	40.0	38.0	40.0	38.0	40.0
7	39.23759831096626	40.0	38.0	40.0	38.0	40.0
8	39.23981946523106	40.0	38.0	40.0	38.0	40.0
9	39.24085661297962	40.0	38.0	40.0	38.0	40.0
10-14	39.23234858752019	40.0	38.0	40.0	38.0	40.0
15-19	39.219493835804386	40.0	38.0	40.0	38.0	40.0
20-24	39.208127125100134	40.0	38.0	40.0	38.0	40.0
25-29	39.18916625954028	40.0	38.0	40.0	38.0	40.0
30-34	39.17265016008207	40.0	38.0	40.0	38.0	40.0
35-39	39.139473890869155	40.0	38.0	40.0	38.0	40.0
40-44	39.14072786742946	40.0	38.0	40.0	38.0	40.0
45-49	39.13056161656428	40.0	38.0	40.0	38.0	40.0
50-54	39.12167738598966	40.0	38.0	40.0	38.0	40.0
55-59	39.11122267111336	40.0	38.0	40.0	38.0	40.0
60-64	39.11696281168714	40.0	38.0	40.0	38.0	40.0
65-69	39.10539072670731	40.0	38.0	40.0	38.0	40.0
70-74	39.07950056847884	40.0	38.0	40.0	38.0	40.0
75-79	39.06864327333614	40.0	38.0	40.0	38.0	40.0
80-84	39.04885260482569	40.0	38.0	40.0	38.0	40.0
85-89	39.025967646138554	40.0	38.0	40.0	38.0	40.0
90-91	38.37419456702946	39.0	38.0	40.0	35.0	40.0
>>END_MODULE
>>Per sequence quality scores	pass
#Quality	Count
31	5.0
32	848.0
33	17792.0
34	136676.0
35	545206.0
36	1326901.0
37	2383086.0
38	4266916.0
39	1.6646346E7
40	1273206.0
>>END_MODULE
>>Per base sequence content	pass
#Base	G	A	T	C
1	24.485631490069064	27.211606189002946	22.3019401223793	26.00082219854869
2	23.500062337923282	23.78058299268052	25.98170573702901	26.737648932367186
3	22.508860416444836	25.207023784386656	27.647195106324997	24.636920692843507
4	22.783518554355247	25.849891207503656	26.824355848447812	24.54223438969329
5	22.38006058584869	26.037345607413176	26.545952414880343	25.036641391857795
6	23.25777247341436	24.967918339272543	25.803987228470486	25.970321958842607
7	23.22298245891075	26.19600420799655	25.836628820264558	24.744384512828148
8	22.31159035016721	25.88384192054293	26.620027033897347	25.18454069539251
9	22.94689096280856	24.662991813356253	25.99858705762835	26.391530166206838
10-14	22.896856257530036	26.092278276361093	25.97889097294327	25.031974493165603
15-19	23.02623530942235	25.659116185371424	26.219637718267265	25.09501078693897
20-24	22.68485177918473	25.90723196253457	26.264659766103666	25.14325649217703
25-29	22.85406637473729	25.981963531604784	26.18680407654995	24.977166017107972
30-34	23.0538983100885	25.599953672933363	26.218282553342355	25.127865463635786
35-39	22.830664705842878	25.7327506414677	26.273320058375234	25.16326459431419
40-44	22.87236599590155	26.019309210215237	26.211214205538948	24.89711058834427
45-49	23.080019291772242	25.84800645116766	25.905883597854068	25.16609065920603
50-54	22.929592042120415	25.798957383156022	26.1905075254561	25.080943049267468
55-59	23.007808534520045	26.1594794214528	26.106480982529334	24.72623106149782
60-64	22.971109198276956	26.00796235693825	26.063270743358046	24.957657701426747
65-69	22.9423556965995	25.83461067444285	26.158108885020575	25.064924743937073
70-74	22.724262463950506	26.059980592903354	26.298537997083415	24.91721894606272
75-79	22.931601468834103	26.18256639707569	25.86165508896614	25.024177045124063
80-84	22.849901438706553	26.36092900759862	25.88189928551457	24.907270268180255
85-89	23.263003783445374	26.630001125948784	25.36722450775081	24.739770582855034
90-91	23.601840837266504	26.19868097069694	24.963709016077473	25.23576917595908
>>END_MODULE
>>Per base GC content	pass
#Base	%GC
1	50.48645368861775
2	50.23771127029046
3	47.14578110928834
4	47.32575294404854
5	47.41670197770648
6	49.22809443225697
7	47.9673669717389
8	47.49613104555973
9	49.338421129015394
10-14	47.92883075069564
15-19	48.12124609636131
20-24	47.82810827136176
25-29	47.83123239184526
30-34	48.181763773724285
35-39	47.99392930015707
40-44	47.769476584245815
45-49	48.24610995097827
50-54	48.01053509138788
55-59	47.734039596017865
60-64	47.9287668997037
65-69	48.007280440536576
70-74	47.64148141001323
75-79	47.95577851395817
80-84	47.75717170688681
85-89	48.00277436630041
90-91	48.837610013225586
>>END_MODULE
>>Per sequence GC content	warn
#GC Content	Count
0	33.0
1	21.5
2	9.5
3	14.0
4	42.5
5	70.0
6	94.0
7	145.0
8	232.0
9	410.0
10	631.5
11	824.5
12	1037.0
13	1422.5
14	2016.0
15	2870.5
16	3983.5
17	5353.0
18	8462.0
19	14833.0
20	31780.5
21	48537.0
22	54031.5
23	59517.0
24	75790.0
25	95869.5
26	109697.0
27	123601.0
28	146357.0
29	170538.0
30	213082.0
31	265736.0
32	299673.0
33	317515.5
34	353242.5
35	427996.0
36	490679.5
37	549683.0
38	617224.5
39	694871.0
40	771960.5
41	827797.5
42	880721.0
43	951888.5
44	1004962.0
45	1074598.0
46	1191023.0
47	1264167.0
48	1311648.5
49	1390619.5
50	1432596.5
51	1411267.5
52	1391161.0
53	1384165.0
54	1334191.5
55	1244941.0
56	1200397.0
57	1122304.5
58	926682.5
59	723717.5
60	572711.5
61	442505.5
62	336613.5
63	250367.0
64	187037.5
65	146250.0
66	108715.0
67	85306.5
68	70784.5
69	47847.0
70	31325.0
71	20809.0
72	13195.5
73	9613.0
74	6512.5
75	3788.0
76	2389.5
77	1498.5
78	971.0
79	631.0
80	355.5
81	225.0
82	160.0
83	101.0
84	65.0
85	36.5
86	15.0
87	8.5
88	6.0
89	6.0
90	8.5
91	7.0
92	3.0
93	2.0
94	4.0
95	3.0
96	1.0
97	2.0
98	2.5
99	30.5
100	59.0
>>END_MODULE
>>Per base N content	pass
#Base	N-Count
1	0.0
2	3.759825080905796E-5
3	1.4287335307442024E-4
4	7.143667653721012E-5
5	4.5117900970869554E-5
6	4.135807588996376E-5
7	7.519650161811592E-6
8	1.1279475242717389E-5
9	7.519650161811592E-6
10-14	2.2558950485434776E-6
15-19	7.519650161811592E-6
20-24	9.02358019417391E-6
25-29	5.263755113268114E-6
30-34	1.2783405275079707E-5
35-39	9.791013085161779E-6
40-44	2.0459516031966888E-5
45-49	6.099875441305973E-6
50-54	5.371710552467538E-6
55-59	1.4677795958674371E-5
60-64	5.445729370340187E-6
65-69	7.056482935530773E-6
70-74	3.1664625261469655E-5
75-79	1.67810104742992E-5
80-84	4.825620531973029E-6
85-89	5.019687172609626E-5
90-91	0.0
>>END_MODULE
>>Sequence Length Distribution	warn
#Length	Count
36-37	70506.0
38-39	67154.0
40-41	65844.0
42-43	65483.0
44-45	64979.0
46-47	65230.0
48-49	66498.0
50-51	70279.0
52-53	66734.0
54-55	68300.0
56-57	73101.0
58-59	70963.0
60-61	72449.0
62-63	77033.0
64-65	79437.0
66-67	87443.0
68-69	94656.0
70-71	102011.0
72-73	116238.0
74-75	90158.0
76-77	69213.0
78-79	62033.0
80-81	63885.0
82-83	63839.0
84-85	64830.0
86-87	66987.0
88-89	154228.0
90-91	2.4517471E7
>>END_MODULE
>>Sequence Duplication Levels	fail
#Total Duplicate Percentage	76.52147885292251
#Duplication Level	Relative count
1	100.0
2	35.37209123723216
3	20.253436756009524
4	13.63336149297289
5	10.122110436986407
6	7.894938944781507
7	6.437293602641886
8	5.5218493203287
9	4.64941248752016
10++	103.31157361185777
>>END_MODULE
>>Overrepresented sequences	pass
>>END_MODULE
>>Kmer Content	pass
>>END_MODULE
