##FastQC	0.10.1
>>Basic Statistics	pass
#Measure	Value	
Filename	SRR6819021_1_paired.fastq	
File type	Conventional base calls	
Encoding	Sanger / Illumina 1.9	
Total Sequences	26113897	
Filtered Sequences	0	
Sequence length	36-91	
%GC	47	
>>END_MODULE
>>Per base sequence quality	pass
#Base	Mean	Median	Lower Quartile	Upper Quartile	10th Percentile	90th Percentile
1	39.35655593648087	40.0	38.0	40.0	38.0	40.0
2	39.299095496930235	40.0	38.0	40.0	38.0	40.0
3	39.27876605318616	40.0	38.0	40.0	38.0	40.0
4	39.28482531733965	40.0	38.0	40.0	38.0	40.0
5	39.29270675303651	40.0	38.0	40.0	38.0	40.0
6	39.29246397042923	40.0	38.0	40.0	38.0	40.0
7	39.28954506483655	40.0	38.0	40.0	38.0	40.0
8	39.28577102069446	40.0	38.0	40.0	38.0	40.0
9	39.28760713117617	40.0	38.0	40.0	38.0	40.0
10-14	39.28733598053175	40.0	38.0	40.0	38.0	40.0
15-19	39.27927799516097	40.0	38.0	40.0	38.0	40.0
20-24	39.26449143917508	40.0	38.0	40.0	38.0	40.0
25-29	39.25438523403841	40.0	38.0	40.0	38.0	40.0
30-34	39.251499498523714	40.0	38.0	40.0	38.0	40.0
35-39	39.22419111603566	40.0	38.0	40.0	38.0	40.0
40-44	39.224871653639504	40.0	38.0	40.0	38.0	40.0
45-49	39.22392581268667	40.0	38.0	40.0	38.0	40.0
50-54	39.21656394604507	40.0	38.0	40.0	38.0	40.0
55-59	39.21307563960615	40.0	38.0	40.0	38.0	40.0
60-64	39.21551727373493	40.0	38.0	40.0	38.0	40.0
65-69	39.21133261766586	40.0	38.0	40.0	38.0	40.0
70-74	39.199624943561574	40.0	38.0	40.0	38.0	40.0
75-79	39.19710892040503	40.0	38.0	40.0	38.0	40.0
80-84	39.18232822935673	40.0	38.0	40.0	38.0	40.0
85-89	39.16558724739588	40.0	38.0	40.0	38.0	40.0
90-91	38.7050985837985	39.0	38.0	40.0	38.0	40.0
>>END_MODULE
>>Per sequence quality scores	pass
#Quality	Count
31	2.0
32	543.0
33	12005.0
34	97602.0
35	416086.0
36	1087982.0
37	2100262.0
38	3957670.0
39	1.6092021E7
40	2349724.0
>>END_MODULE
>>Per base sequence content	pass
#Base	G	A	T	C
1	26.64436870529129	29.175362068710005	22.148184164163627	22.032085061835083
2	24.724122944959152	24.083594264004336	27.85161862283519	23.34066416820132
3	24.11316855542472	26.135501721554622	29.686063324826623	20.065266398194034
4	23.586410714570867	25.692503880213664	29.20805347436271	21.513031930852755
5	24.273596545165205	25.840555318112806	27.389328371786103	22.496519764935886
6	25.95413468928058	26.063390691936938	26.374068182929573	21.60840643585291
7	25.036634708331736	26.344911293783536	26.675225838564042	21.94322815932069
8	25.040728314123317	25.86213003750455	26.616839302077356	22.480302346294774
9	25.408819679422034	26.66968472763755	25.83187028730335	22.08962530563707
10-14	24.784690695532728	26.475983266687464	26.417797389642768	22.321528648137043
15-19	25.028051538994735	26.163021934259756	26.342646599241775	22.466279927503734
20-24	25.192580033308086	26.046347691310807	26.137967876275773	22.62310439910533
25-29	24.8923406567775	26.121254135298148	26.184503216812104	22.801901991112242
30-34	24.818375034034563	26.485209593449593	26.270274198178356	22.426141174337488
35-39	24.96191171652404	26.48880622216186	25.695177884675253	22.85410417663885
40-44	24.805189399705093	26.406912677269332	25.847915488810198	22.939982434215377
45-49	24.969264037555043	26.177405468101355	25.782899628448458	23.070430865895144
50-54	25.641955777458698	25.485902132915918	25.47843256361382	23.393709526011573
55-59	25.13435889760266	25.56527039147506	26.358088039226306	22.942282671695974
60-64	25.52792075807661	26.054795031304085	25.605376355799127	22.81190785482018
65-69	25.47117278933842	25.60721859989807	25.752400405083932	23.169208205679585
70-74	24.75918478505821	25.569786616968138	26.253809272693573	23.41721932528008
75-79	25.34692699485837	26.011829674694827	25.237412743349985	23.40383058709682
80-84	25.590664548442554	26.026947999440704	25.241722446516274	23.140665005600468
85-89	25.97145841009882	26.210733457641922	25.190543763425065	22.627264368834197
90-91	25.785871369004038	27.045873372968497	24.43623330651268	22.732021951514785
>>END_MODULE
>>Per base GC content	pass
#Base	%GC
1	48.67645376712637
2	48.06478711316047
3	44.178434953618755
4	45.09944264542362
5	46.770116310101095
6	47.56254112513349
7	46.97986286765242
8	47.52103066041809
9	47.49844498505911
10-14	47.10621934366977
15-19	47.494331466498465
20-24	47.81568443241342
25-29	47.69424264788974
30-34	47.244516208372055
35-39	47.81601589316289
40-44	47.745171833920466
45-49	48.03969490345018
50-54	49.035665303470275
55-59	48.07664156929864
60-64	48.33982861289679
65-69	48.640380995018006
70-74	48.17640411033829
75-79	48.75075758195519
80-84	48.73132955404302
85-89	48.59872277893301
90-91	48.51789332051882
>>END_MODULE
>>Per sequence GC content	fail
#GC Content	Count
0	34.0
1	26.0
2	18.0
3	19.0
4	42.5
5	81.0
6	117.0
7	207.5
8	342.0
9	554.5
10	847.0
11	1155.5
12	1515.0
13	1918.0
14	2401.5
15	3322.0
16	4823.5
17	6536.5
18	17686.5
19	23896.0
20	24399.0
21	53854.5
22	80064.0
23	66127.0
24	57205.5
25	86387.0
26	121612.5
27	137239.5
28	175201.0
29	212651.0
30	232290.5
31	266364.5
32	306014.5
33	330495.0
34	354366.5
35	395600.0
36	446494.0
37	532597.5
38	651194.0
39	691352.5
40	722250.5
41	784111.5
42	828416.5
43	926535.5
44	994000.5
45	1063971.0
46	1184746.0
47	1241525.5
48	1225743.5
49	1225928.5
50	1303764.0
51	1411658.0
52	1412958.5
53	1345776.5
54	1272874.0
55	1155300.5
56	1082563.0
57	1023405.5
58	896832.0
59	732110.5
60	601873.5
61	479721.5
62	342756.0
63	252132.0
64	186025.0
65	139964.0
66	111168.0
67	97591.5
68	77328.0
69	48328.0
70	29776.5
71	17398.5
72	9815.5
73	6671.0
74	4363.0
75	2465.5
76	1531.0
77	749.5
78	530.5
79	400.5
80	278.0
81	214.5
82	156.0
83	98.5
84	71.0
85	43.5
86	21.0
87	14.5
88	10.5
89	4.5
90	2.0
91	0.5
92	0.0
93	0.0
94	0.0
95	0.0
96	0.0
97	0.0
98	0.0
99	0.0
100	0.0
>>END_MODULE
>>Per base N content	pass
#Base	N-Count
1	0.0
2	0.0
3	0.0
4	0.0
5	0.0
6	0.0
7	0.0
8	0.0
9	0.0
10-14	0.0
15-19	0.0
20-24	3.0635029310255763E-6
25-29	0.0
30-34	1.3785763189615093E-5
35-39	1.5335916770752811E-6
40-44	2.7732765744278216E-5
45-49	7.740447440279699E-7
50-54	1.5555118992499298E-5
55-59	6.253386257513024E-6
60-64	3.143777142291173E-6
65-69	2.4516600067322584E-5
70-74	7.970127579266785E-7
75-79	2.4084940649206844E-5
80-84	3.063843961200641E-5
85-89	4.2926827213810385E-5
90-91	0.0
>>END_MODULE
>>Sequence Length Distribution	warn
#Length	Count
36-37	52273.0
38-39	49861.0
40-41	49346.0
42-43	50530.0
44-45	49118.0
46-47	49002.0
48-49	49064.0
50-51	49579.0
52-53	49993.0
54-55	51909.0
56-57	53838.0
58-59	54350.0
60-61	56920.0
62-63	60575.0
64-65	63290.0
66-67	68250.0
68-69	77214.0
70-71	82292.0
72-73	93411.0
74-75	70028.0
76-77	42390.0
78-79	42269.0
80-81	43149.0
82-83	42937.0
84-85	44446.0
86-87	46604.0
88-89	105507.0
90-91	2.4565752E7
>>END_MODULE
>>Sequence Duplication Levels	fail
#Total Duplicate Percentage	82.21508980521122
#Duplication Level	Relative count
1	100.0
2	35.20615898867415
3	22.401009903454653
4	16.130007289796062
5	12.904717031452803
6	10.62710026136586
7	8.696193304055615
8	7.6773998542040784
9	6.454136514766282
10++	135.50308482833418
>>END_MODULE
>>Overrepresented sequences	warn
#Sequence	Count	Percentage	Possible Source
AATTTCATCATAATTTTTGTTATAAAAAGTAACCTAAAACTTTAATAAAA	46630	0.17856392709215327	No Hit
ACTCGTAGGCGACATCCATCAGGTCACGGGGAATAGAGCACTGGCGAGGA	33759	0.12927599431061554	No Hit
ATCCTTTCGTACTAAAAATAGGCCATAAAATTTGAGGATAGAAACCAACC	31214	0.11953022561129042	No Hit
AAAATCAACATTAAATTCTACTAATTTAAGCATCTTTACCTTAAATCAAA	29480	0.1128900830082925	No Hit
CTTCAATGAAGTTGTCGGCGGTTTTCTTGATGACGGCCAAAACCTCGTTT	27238	0.1043046160440933	No Hit
>>END_MODULE
>>Kmer Content	warn
#Sequence	Count	Obs/Exp Overall	Obs/Exp Max	Max Obs/Exp Position
AATTT	5070235	1.9151852	5.2876034	1
>>END_MODULE
