##FastQC	0.10.1
>>Basic Statistics	pass
#Measure	Value	
Filename	SRR6819016_2_paired.fastq	
File type	Conventional base calls	
Encoding	Sanger / Illumina 1.9	
Total Sequences	22548483	
Filtered Sequences	0	
Sequence length	36-91	
%GC	49	
>>END_MODULE
>>Per base sequence quality	pass
#Base	Mean	Median	Lower Quartile	Upper Quartile	10th Percentile	90th Percentile
1	39.34714871949479	40.0	38.0	40.0	38.0	40.0
2	39.29274687791636	40.0	38.0	40.0	38.0	40.0
3	39.277315551560605	40.0	38.0	40.0	38.0	40.0
4	39.28346709621219	40.0	38.0	40.0	38.0	40.0
5	39.28898219006574	40.0	38.0	40.0	38.0	40.0
6	39.285394587298846	40.0	38.0	40.0	38.0	40.0
7	39.28447576717245	40.0	38.0	40.0	38.0	40.0
8	39.28476283748224	40.0	38.0	40.0	38.0	40.0
9	39.289027248529315	40.0	38.0	40.0	38.0	40.0
10-14	39.27849829188066	40.0	38.0	40.0	38.0	40.0
15-19	39.26361870995934	40.0	38.0	40.0	38.0	40.0
20-24	39.255097329607494	40.0	38.0	40.0	38.0	40.0
25-29	39.235909280460234	40.0	38.0	40.0	38.0	40.0
30-34	39.21683337189468	40.0	38.0	40.0	38.0	40.0
35-39	39.180837933118376	40.0	38.0	40.0	38.0	40.0
40-44	39.17557298809784	40.0	38.0	40.0	38.0	40.0
45-49	39.16307718085493	40.0	38.0	40.0	38.0	40.0
50-54	39.14934694757409	40.0	38.0	40.0	38.0	40.0
55-59	39.14028707841844	40.0	38.0	40.0	38.0	40.0
60-64	39.144606647262336	40.0	38.0	40.0	38.0	40.0
65-69	39.12916416198489	40.0	38.0	40.0	38.0	40.0
70-74	39.09680220027928	40.0	38.0	40.0	38.0	40.0
75-79	39.085936023939055	40.0	38.0	40.0	38.0	40.0
80-84	39.066069687273526	40.0	38.0	40.0	38.0	40.0
85-89	39.041182190886495	40.0	38.0	40.0	38.0	40.0
90-91	38.385299738655036	39.0	38.0	40.0	35.0	40.0
>>END_MODULE
>>Per sequence quality scores	pass
#Quality	Count
31	6.0
32	583.0
33	12107.0
34	95816.0
35	401227.0
36	1028502.0
37	1935990.0
38	3587166.0
39	1.4398563E7
40	1088523.0
>>END_MODULE
>>Per base sequence content	pass
#Base	G	A	T	C
1	26.305233039402253	25.878317401662898	22.563553388491812	25.25289617044304
2	25.727188706289738	22.717580076351044	25.296330395663034	26.258900821696184
3	24.47891006653714	24.00930369565388	27.218622789255797	24.29316344855318
4	24.672354506224284	24.74674984398045	26.443273987363035	24.13762166243223
5	24.68859749685899	25.037765311792775	25.858357573706776	24.415279617641463
6	25.205947436260868	23.939174237615745	25.856572454222178	24.99830587190121
7	25.494426962849865	25.230528873413487	25.35181866163289	23.923225502103758
8	24.587003240395518	24.93810448082492	25.88921950488729	24.585672773892274
9	24.55728614268961	23.910355646573265	25.75521606089563	25.77714214984149
10-14	24.806932674410614	25.223367814029373	25.816986504465884	24.15271300709413
15-19	25.015967372844027	24.731813417780234	26.104983533968284	24.14723567540745
20-24	24.766091330625468	25.31314638225595	25.83573947480505	24.085022812313532
25-29	24.718675743061766	25.08222482487092	26.252633536460383	23.946465895606934
30-34	24.943407495048692	24.65467673240919	26.193391496187996	24.208524276354122
35-39	24.574146800966492	24.857872772178318	26.121211697024975	24.446768729830215
40-44	24.758637232643252	25.101926962747044	26.08347854351888	24.055957261090825
45-49	24.93782984057885	24.908560032421445	25.846930230397717	24.306679896601988
50-54	25.077112607505374	24.607251641544618	26.15696614898099	24.158669601969013
55-59	25.025333709986302	25.20511446002865	25.99771736798201	23.77183446200304
60-64	24.852828200649665	25.125313248737196	26.02552903395751	23.99632951665563
65-69	24.96374633218839	24.976553336918652	25.765465568485286	24.294234762407672
70-74	24.419946375602905	25.250722496412152	26.15865811022636	24.17067301775859
75-79	24.718828043805615	25.414272691089568	25.768912219447166	24.097987045657657
80-84	24.799318056729703	25.67167849589177	25.597089879943706	23.931913567434815
85-89	25.291712413456573	26.207336903881778	24.673471750705893	23.82747893195575
90-91	25.802120213598446	25.58434768964805	24.349754078323702	24.2637780184298
>>END_MODULE
>>Per base GC content	pass
#Base	%GC
1	51.55812920984529
2	51.986089527985925
3	48.77207351509032
4	48.80997616865652
5	49.10387711450045
6	50.20425330816208
7	49.41765246495362
8	49.172676014287795
9	50.3344282925311
10-14	48.959645681504746
15-19	49.16320304825148
20-24	48.851114142939004
25-29	48.6651416386687
30-34	49.151931771402815
35-39	49.02091553079671
40-44	48.81459449373408
45-49	49.244509737180834
50-54	49.23578220947439
55-59	48.79716817198934
60-64	48.849157717305296
65-69	49.25798109459606
70-74	48.59061939336149
75-79	48.816815089463276
80-84	48.731231624164515
85-89	49.119191345412325
90-91	50.065898232028246
>>END_MODULE
>>Per sequence GC content	warn
#GC Content	Count
0	49.0
1	29.5
2	9.5
3	12.0
4	31.0
5	49.0
6	64.0
7	101.0
8	151.5
9	260.0
10	462.5
11	670.0
12	863.0
13	1147.0
14	1550.0
15	2121.0
16	2863.0
17	3998.0
18	6631.0
19	11510.0
20	23545.5
21	35879.0
22	40423.0
23	43690.5
24	55940.0
25	71021.0
26	81730.0
27	93002.5
28	109092.5
29	127764.5
30	161884.0
31	199628.0
32	221685.0
33	234405.5
34	260988.5
35	320462.0
36	373146.5
37	414480.5
38	460707.0
39	519917.5
40	571452.5
41	606772.0
42	654358.5
43	735447.5
44	797100.0
45	867090.5
46	945887.5
47	1001120.0
48	1072096.5
49	1144214.5
50	1187436.0
51	1164678.5
52	1133460.5
53	1129902.5
54	1102314.0
55	1090483.5
56	1104111.0
57	1049074.5
58	882952.5
59	750596.5
60	661271.0
61	528677.0
62	415552.0
63	305081.5
64	223611.0
65	188486.5
66	150628.0
67	121171.0
68	104531.5
69	72271.5
70	48151.0
71	32373.0
72	19742.5
73	18261.0
74	14309.0
75	7452.5
76	4394.5
77	3439.5
78	2962.0
79	2119.0
80	1291.5
81	1015.0
82	912.5
83	713.5
84	435.5
85	263.0
86	146.0
87	73.0
88	45.5
89	41.0
90	46.5
91	42.5
92	29.0
93	18.0
94	8.5
95	4.0
96	3.5
97	1.5
98	0.5
99	19.5
100	39.0
>>END_MODULE
>>Per base N content	pass
#Base	N-Count
1	0.0
2	1.3304664442392865E-5
3	1.0643731553914292E-4
4	1.1974197998153578E-4
5	5.765354591703575E-5
6	4.878376962210718E-5
7	2.660932888478573E-5
8	4.434888147464288E-6
9	8.869776294928577E-6
10-14	7.095821035942861E-6
15-19	9.756753924421434E-6
20-24	1.2417686812900008E-5
25-29	3.5479105179714306E-6
30-34	1.0643731553914291E-5
35-39	2.4869849416436973E-5
40-44	2.054091884102563E-5
45-49	8.98260177826771E-7
50-54	1.8077415683024012E-6
55-59	1.0920289765520813E-5
60-64	1.2836933986342053E-5
65-69	1.1102733687331661E-5
70-74	4.3984167084882786E-5
75-79	8.5134820021254E-6
80-84	5.710715864217337E-6
85-89	2.5861872028848056E-5
90-91	0.0
>>END_MODULE
>>Sequence Length Distribution	warn
#Length	Count
36-37	52490.0
38-39	50847.0
40-41	50625.0
42-43	51525.0
44-45	51178.0
46-47	52148.0
48-49	54657.0
50-51	59173.0
52-53	56369.0
54-55	59848.0
56-57	64241.0
58-59	64286.0
60-61	66926.0
62-63	74746.0
64-65	79063.0
66-67	86598.0
68-69	94357.0
70-71	103506.0
72-73	119621.0
74-75	85668.0
76-77	55799.0
78-79	49824.0
80-81	51923.0
82-83	50880.0
84-85	52937.0
86-87	54035.0
88-89	125530.0
90-91	2.0729683E7
>>END_MODULE
>>Sequence Duplication Levels	fail
#Total Duplicate Percentage	80.67996373526745
#Duplication Level	Relative count
1	100.0
2	35.432504301579854
3	21.145002346316282
4	14.431409353980916
5	10.958861254497107
6	8.778351321758173
7	7.104645706241201
8	6.039418113561708
9	5.307367433129986
10++	103.64461129360238
>>END_MODULE
>>Overrepresented sequences	warn
#Sequence	Count	Percentage	Possible Source
CCCGGACACTGGAAGGATTGACAGATTGAGAGCTCTTTCTTGATTCGGTG	52213	0.2315588148435529	No Hit
AATCCGGTCCTGATTCCGGAACCAGGCTGCGGCTACGTCCGCGATAAAAC	24537	0.10881885047433124	No Hit
>>END_MODULE
>>Kmer Content	warn
#Sequence	Count	Obs/Exp Overall	Obs/Exp Max	Max Obs/Exp Position
TTTTT	6741570	3.0598736	3.6862838	50-54
GAAGA	4686600	2.5064692	5.1897855	85-87
AGATC	2873610	1.5358135	5.388852	85-87
GATCG	2385160	1.2842911	5.020879	85-87
>>END_MODULE
