##FastQC	0.10.1
>>Basic Statistics	pass
#Measure	Value	
Filename	SRR6819021_2_paired.fastq	
File type	Conventional base calls	
Encoding	Sanger / Illumina 1.9	
Total Sequences	26113897	
Filtered Sequences	0	
Sequence length	36-91	
%GC	48	
>>END_MODULE
>>Per base sequence quality	pass
#Base	Mean	Median	Lower Quartile	Upper Quartile	10th Percentile	90th Percentile
1	39.367874967110424	40.0	40.0	40.0	38.0	40.0
2	39.317846279320165	40.0	40.0	40.0	38.0	40.0
3	39.30369350847941	40.0	38.0	40.0	38.0	40.0
4	39.310666270913146	40.0	38.0	40.0	38.0	40.0
5	39.31453827056146	40.0	38.0	40.0	38.0	40.0
6	39.30987500639985	40.0	38.0	40.0	38.0	40.0
7	39.30999111316093	40.0	38.0	40.0	38.0	40.0
8	39.31127127444824	40.0	38.0	40.0	38.0	40.0
9	39.31250866157586	40.0	38.0	40.0	38.0	40.0
10-14	39.30655501168592	40.0	38.0	40.0	38.0	40.0
15-19	39.29484072790821	40.0	38.0	40.0	38.0	40.0
20-24	39.286192711872914	40.0	38.0	40.0	38.0	40.0
25-29	39.27053456632689	40.0	38.0	40.0	38.0	40.0
30-34	39.254145828943116	40.0	38.0	40.0	38.0	40.0
35-39	39.22003550225001	40.0	38.0	40.0	38.0	40.0
40-44	39.218676494447045	40.0	38.0	40.0	38.0	40.0
45-49	39.206643557199065	40.0	38.0	40.0	38.0	40.0
50-54	39.195513052258136	40.0	38.0	40.0	38.0	40.0
55-59	39.185149523053994	40.0	38.0	40.0	38.0	40.0
60-64	39.190626836118	40.0	38.0	40.0	38.0	40.0
65-69	39.17814897515166	40.0	38.0	40.0	38.0	40.0
70-74	39.15156370350419	40.0	38.0	40.0	38.0	40.0
75-79	39.139840097656204	40.0	38.0	40.0	38.0	40.0
80-84	39.12083985570852	40.0	38.0	40.0	38.0	40.0
85-89	39.09871294355134	40.0	38.0	40.0	38.0	40.0
90-91	38.43198166946723	39.0	38.0	40.0	35.0	40.0
>>END_MODULE
>>Per sequence quality scores	pass
#Quality	Count
31	5.0
32	580.0
33	12671.0
34	99642.0
35	423622.0
36	1101586.0
37	2127193.0
38	4029032.0
39	1.6826786E7
40	1492780.0
>>END_MODULE
>>Per base sequence content	pass
#Base	G	A	T	C
1	24.78782848840983	26.56295228552062	21.890463150712435	26.758756075357116
2	23.833710540055204	23.55932012569864	25.657303551068576	26.94966578317758
3	22.394098523347992	25.118171871186775	27.485718222319473	25.00201138314576
4	23.092918109896825	25.69023074169457	26.497468242554266	24.719382905854342
5	22.57322591917132	26.19077789106366	26.121220998415595	25.114775191349427
6	23.26233102289004	24.83445592866816	25.655922908772084	26.247290139669722
7	23.583278065817304	26.118384570236238	25.421337982812442	24.87699938113402
8	22.558358299288557	25.95958205392187	26.33424849108109	25.14781115570848
9	22.937238810008143	24.531482150133645	25.838499070207572	26.692779969650637
10-14	23.09168515560976	26.017225664199824	25.769354567157304	25.121734613033116
15-19	23.209101692482882	25.513829518835312	26.016323692933007	25.2607450957488
20-24	22.869689806738975	25.8137087803626	26.08526996329793	25.231331449600496
25-29	23.052565400026364	25.818858083689555	25.99243999445782	25.13613652182626
30-34	23.27810436215729	25.43105966092912	25.996447637772558	25.294388339141033
35-39	23.01021182696456	25.5785116023007	26.029957292480084	25.381319278254654
40-44	23.136560975550367	25.88138744944179	25.936670889026566	25.04538068598128
45-49	23.278620731000824	25.64904776525107	25.707165268152625	25.36516623559548
50-54	23.125660481125873	25.650891536403016	25.988133865811523	25.235314116659584
55-59	23.24998586347492	26.000660894288785	25.870801334638255	24.878551907598037
60-64	23.17808259649666	25.829196920886883	25.788770424977198	25.20395005763925
65-69	23.13474183788455	25.70672455022566	25.918842422264703	25.23969118962509
70-74	22.95327458610598	25.983282436819334	25.999729745663707	25.063713231410983
75-79	23.108159122999687	26.064040747361815	25.629841123168962	25.19795900646954
80-84	23.048786442004218	26.25282793768199	25.642096852338486	25.05628876797531
85-89	23.50863888628761	26.520574321340195	25.126956502625536	24.843830289746656
90-91	23.819710783281508	26.030565192591943	24.699661789428994	25.45006223469756
>>END_MODULE
>>Per base GC content	pass
#Base	%GC
1	51.54658456376695
2	50.78337632323277
3	47.396109906493756
4	47.81230101575117
5	47.68800111052075
6	49.50962116255976
7	48.460277446951324
8	47.706169454997045
9	49.63001877965878
10-14	48.213419768642865
15-19	48.46984678823168
20-24	48.10102125633947
25-29	48.188701921852626
30-34	48.57249270129832
35-39	48.391531105219215
40-44	48.181941661531646
45-49	48.6437869665963
50-54	48.36097459778546
55-59	48.128537771072956
60-64	48.38203265413592
65-69	48.37443302750964
70-74	48.01698781751696
75-79	48.306118129469226
80-84	48.105075209979525
85-89	48.35246917603427
90-91	49.26977301797906
>>END_MODULE
>>Per sequence GC content	warn
#GC Content	Count
0	50.0
1	29.0
2	8.0
3	11.5
4	27.5
5	46.5
6	78.0
7	129.0
8	182.5
9	311.0
10	480.5
11	623.5
12	828.0
13	1134.0
14	1587.5
15	2284.0
16	3161.0
17	4232.5
18	7054.5
19	13175.5
20	29447.5
21	43912.5
22	47448.0
23	52466.0
24	68541.5
25	87581.5
26	100356.5
27	110560.0
28	128343.5
29	150675.0
30	190716.5
31	238183.0
32	268413.0
33	285265.0
34	316484.0
35	387760.5
36	450821.5
37	506813.5
38	571670.5
39	648906.0
40	725610.0
41	778453.5
42	830340.0
43	907019.5
44	962768.0
45	1033684.0
46	1148929.5
47	1222317.0
48	1273037.5
49	1353443.5
50	1402611.0
51	1394957.5
52	1388203.0
53	1391243.0
54	1343236.0
55	1253771.5
56	1212203.5
57	1136541.0
58	939760.0
59	738014.5
60	592239.5
61	464307.5
62	358191.0
63	266811.5
64	198330.0
65	156242.0
66	117581.0
67	92385.5
68	76115.5
69	50070.0
70	31894.5
71	21098.5
72	12944.0
73	9518.5
74	6647.5
75	3764.5
76	2289.0
77	1416.5
78	987.5
79	659.0
80	364.0
81	238.5
82	164.0
83	106.0
84	71.0
85	53.0
86	33.5
87	17.0
88	9.5
89	4.0
90	3.5
91	5.0
92	4.0
93	2.0
94	2.0
95	1.5
96	0.5
97	0.0
98	0.0
99	25.0
100	50.0
>>END_MODULE
>>Per base N content	pass
#Base	N-Count
1	0.0
2	4.2123165301601674E-5
3	9.956384525833122E-5
4	8.041695193942137E-5
5	8.424633060320335E-5
6	1.914689331890985E-5
7	1.531751465512788E-5
8	7.65875732756394E-6
9	1.531751465512788E-5
10-14	4.595254396538365E-6
15-19	8.424633060320334E-6
20-24	1.0722260258589517E-5
25-29	3.0635029310255763E-6
30-34	2.2976271982691823E-5
35-39	1.3802862653902016E-5
40-44	2.388618801596815E-5
45-49	5.420541734516362E-6
50-54	3.113755717254447E-6
55-59	1.2524051658456837E-5
60-64	8.66169490628558E-6
65-69	1.981994703888168E-5
70-74	3.438349152298206E-5
75-79	1.2901918966917546E-5
80-84	3.2430709397607195E-6
85-89	3.994994842176302E-5
90-91	0.0
>>END_MODULE
>>Sequence Length Distribution	warn
#Length	Count
36-37	54213.0
38-39	51935.0
40-41	51296.0
42-43	51287.0
44-45	51073.0
46-47	52102.0
48-49	53371.0
50-51	57616.0
52-53	54170.0
54-55	55640.0
56-57	60681.0
58-59	59117.0
60-61	60661.0
62-63	66211.0
64-65	68480.0
66-67	76158.0
68-69	83019.0
70-71	90505.0
72-73	105552.0
74-75	79992.0
76-77	57284.0
78-79	51707.0
80-81	53948.0
82-83	53276.0
84-85	54003.0
86-87	55715.0
88-89	131686.0
90-91	2.4373199E7
>>END_MODULE
>>Sequence Duplication Levels	fail
#Total Duplicate Percentage	78.85400485394145
#Duplication Level	Relative count
1	100.0
2	36.901985607675904
3	22.589618869936036
4	16.179704157782517
5	11.712086886993603
6	9.419976012793176
7	7.694229744136461
8	6.200026652452026
9	5.5487073560767595
10++	116.90931503198294
>>END_MODULE
>>Overrepresented sequences	pass
>>END_MODULE
>>Kmer Content	pass
>>END_MODULE
