##FastQC	0.10.1
>>Basic Statistics	pass
#Measure	Value	
Filename	SRR6819019_2_paired.fastq	
File type	Conventional base calls	
Encoding	Sanger / Illumina 1.9	
Total Sequences	20997996	
Filtered Sequences	0	
Sequence length	36-91	
%GC	48	
>>END_MODULE
>>Per base sequence quality	pass
#Base	Mean	Median	Lower Quartile	Upper Quartile	10th Percentile	90th Percentile
1	39.332967965133435	40.0	38.0	40.0	38.0	40.0
2	39.274730455230106	40.0	38.0	40.0	38.0	40.0
3	39.26156677046705	40.0	38.0	40.0	38.0	40.0
4	39.26819087878672	40.0	38.0	40.0	38.0	40.0
5	39.27317906908831	40.0	38.0	40.0	38.0	40.0
6	39.270646636945735	40.0	38.0	40.0	38.0	40.0
7	39.269883754621155	40.0	38.0	40.0	38.0	40.0
8	39.270602966111625	40.0	38.0	40.0	38.0	40.0
9	39.2719259018813	40.0	38.0	40.0	38.0	40.0
10-14	39.264792935478226	40.0	38.0	40.0	38.0	40.0
15-19	39.25129579032208	40.0	38.0	40.0	38.0	40.0
20-24	39.24114926014845	40.0	38.0	40.0	38.0	40.0
25-29	39.2240861080267	40.0	38.0	40.0	38.0	40.0
30-34	39.206013202402744	40.0	38.0	40.0	38.0	40.0
35-39	39.168383217103674	40.0	38.0	40.0	38.0	40.0
40-44	39.16838992957201	40.0	38.0	40.0	38.0	40.0
45-49	39.15834572442686	40.0	38.0	40.0	38.0	40.0
50-54	39.147591739629675	40.0	38.0	40.0	38.0	40.0
55-59	39.138823452642896	40.0	38.0	40.0	38.0	40.0
60-64	39.14293713841457	40.0	38.0	40.0	38.0	40.0
65-69	39.13118750020015	40.0	38.0	40.0	38.0	40.0
70-74	39.103667915431416	40.0	38.0	40.0	38.0	40.0
75-79	39.09307657024302	40.0	38.0	40.0	38.0	40.0
80-84	39.073729777067456	40.0	38.0	40.0	38.0	40.0
85-89	39.05164581777596	40.0	38.0	40.0	38.0	40.0
90-91	38.39510308550797	39.0	38.0	40.0	35.0	40.0
>>END_MODULE
>>Per sequence quality scores	pass
#Quality	Count
31	6.0
32	620.0
33	13347.0
34	101524.0
35	407254.0
36	994425.0
37	1803766.0
38	3281435.0
39	1.3362372E7
40	1033247.0
>>END_MODULE
>>Per base sequence content	pass
#Base	G	A	T	C
1	25.008024575297565	26.914963694630668	22.06842024353181	26.008591486539956
2	24.0064583333631	23.600286065516663	25.598558566590217	26.794697034530024
3	22.93348217304712	25.06132970885771	27.295401748168157	24.709786369927013
4	23.146438591275185	25.72444982655227	26.589366809713834	24.539744772458707
5	22.84653394854154	25.838801873665407	26.252789196068615	25.061874981724436
6	23.688098995032046	24.747295966474496	25.60281623239718	25.96178880609628
7	23.66456140157041	26.112443434464126	25.55366135299909	24.669333810966375
8	22.747386119484265	25.789686110507215	26.259002347605094	25.203925422403422
9	23.379860791470804	24.555158718725288	25.731909165613192	26.333071324190716
10-14	23.310118894684944	25.894660895004503	25.80707538981698	24.988144820493577
15-19	23.470743472528977	25.514423415600113	25.990534600771202	25.02429851109971
20-24	23.118459500039656	25.80680399680476	25.993480881844643	25.081255621310937
25-29	23.25552628482411	25.761923705210176	26.04647944764707	24.936070562318648
30-34	23.482057489287	25.394251741840346	26.048797179760836	25.07489358911182
35-39	23.269864526699465	25.52699294288412	26.049363611320764	25.153778919095654
40-44	23.329593026464693	25.756762165804513	26.01957947561122	24.89406533211957
45-49	23.516084082113796	25.584195821755674	25.745713525395814	25.154006570734722
50-54	23.42392829461571	25.50917147398754	26.04097182052546	25.025928410871284
55-59	23.486235519744348	25.888797484734244	25.89951908757343	24.725447907947977
60-64	23.432583630680035	25.77050918448188	25.872727831037466	24.924179353800614
65-69	23.439230178605115	25.597263761508447	25.886262866233896	25.077243193652542
70-74	23.136306726233208	25.880864886589382	26.09011061355418	24.892717773623232
75-79	23.350758049182126	25.8969194069536	25.766911466062066	24.985411077802215
80-84	23.231646763059892	26.063901168888194	25.808227838843056	24.896224229208862
85-89	23.48851007028258	26.28237921904828	25.44217597026293	24.78693474040621
90-91	23.775450456271233	25.821654324805266	25.155284570091922	25.247610648831582
>>END_MODULE
>>Per base GC content	pass
#Base	%GC
1	51.01661606183752
2	50.801155367893124
3	47.643268542974134
4	47.68618336373389
5	47.90840893026598
6	49.64988780112833
7	48.33389521253678
8	47.95131154188769
9	49.712932115661516
10-14	48.29826371517852
15-19	48.49504198362868
20-24	48.19971512135059
25-29	48.19159684714276
30-34	48.55695107839882
35-39	48.423643445795115
40-44	48.22365835858427
45-49	48.67009065284852
50-54	48.449856705486994
55-59	48.21168342769233
60-64	48.35676298448065
65-69	48.516473372257664
70-74	48.02902449985644
75-79	48.33616912698434
80-84	48.127870992268754
85-89	48.27544481068879
90-91	49.02306110510281
>>END_MODULE
>>Per sequence GC content	warn
#GC Content	Count
0	36.0
1	27.5
2	18.5
3	24.5
4	42.5
5	58.0
6	71.5
7	107.5
8	165.5
9	300.0
10	458.0
11	592.5
12	781.5
13	1049.5
14	1463.0
15	2083.5
16	2922.5
17	3964.5
18	6329.0
19	11317.0
20	24751.5
21	37191.0
22	40540.5
23	43537.0
24	54800.5
25	70281.5
26	81661.0
27	91254.0
28	106226.0
29	124200.0
30	156319.0
31	194938.5
32	220158.5
33	233780.5
34	259641.0
35	318717.5
36	368657.5
37	409590.0
38	456484.5
39	517152.5
40	579033.0
41	620841.5
42	664120.0
43	726292.0
44	770662.0
45	826575.0
46	913832.0
47	971233.5
48	1021180.5
49	1096314.0
50	1136268.5
51	1116709.0
52	1097021.5
53	1091504.5
54	1059300.5
55	1006814.5
56	983125.0
57	920072.5
58	761488.0
59	607789.5
60	495300.5
61	387435.5
62	297920.5
63	222829.0
64	167686.0
65	134485.0
66	102175.5
67	80676.5
68	67856.5
69	45708.5
70	29545.5
71	19977.0
72	12840.0
73	9965.5
74	6972.0
75	3899.0
76	2355.5
77	1525.0
78	1125.0
79	757.5
80	394.0
81	242.0
82	163.0
83	103.5
84	66.5
85	40.5
86	26.5
87	15.0
88	5.5
89	2.0
90	2.0
91	1.5
92	1.0
93	0.5
94	0.0
95	1.5
96	1.5
97	0.5
98	2.0
99	20.5
100	38.0
>>END_MODULE
>>Per base N content	pass
#Base	N-Count
1	0.0
2	4.286123304338185E-5
3	7.619774763267884E-5
4	1.2858369913014558E-4
5	4.762359227042428E-5
6	6.191066995155157E-5
7	3.3336514589296996E-5
8	4.762359227042428E-6
9	4.762359227042428E-6
10-14	4.762359227042428E-6
15-19	7.619774763267885E-6
20-24	1.2382133990310313E-5
25-29	5.714831072450914E-6
30-34	1.809696506276123E-5
35-39	9.538820629565404E-6
40-44	2.1106197897371786E-5
45-49	2.894928288283907E-6
50-54	2.9122137906622096E-6
55-59	1.0743087863086337E-5
60-64	6.878381141947265E-6
65-69	1.6812850611601562E-5
70-74	3.4873611406277484E-5
75-79	1.9075404310222135E-5
80-84	0.0
85-89	5.18505017054545E-5
90-91	0.0
>>END_MODULE
>>Sequence Length Distribution	warn
#Length	Count
36-37	52148.0
38-39	49981.0
40-41	49152.0
42-43	48268.0
44-45	48284.0
46-47	47769.0
48-49	49299.0
50-51	51351.0
52-53	48619.0
54-55	49033.0
56-57	51850.0
58-59	49065.0
60-61	48744.0
62-63	51612.0
64-65	51894.0
66-67	56007.0
68-69	58260.0
70-71	61789.0
72-73	69481.0
74-75	58125.0
76-77	53213.0
78-79	47220.0
80-81	49122.0
82-83	48822.0
84-85	49470.0
86-87	51236.0
88-89	117231.0
90-91	1.9530951E7
>>END_MODULE
>>Sequence Duplication Levels	fail
#Total Duplicate Percentage	78.291452684377
#Duplication Level	Relative count
1	100.0
2	38.86355892326913
3	23.29022732066655
4	16.21424283234087
5	11.969625675390631
6	9.461147798997258
7	7.5984488325680255
8	6.220895328649544
9	5.3706738491992665
10++	105.52319449627622
>>END_MODULE
>>Overrepresented sequences	pass
>>END_MODULE
>>Kmer Content	pass
>>END_MODULE
