##FastQC	0.10.1
>>Basic Statistics	pass
#Measure	Value	
Filename	SRR6819014_2_paired.fastq	
File type	Conventional base calls	
Encoding	Sanger / Illumina 1.9	
Total Sequences	16556373	
Filtered Sequences	0	
Sequence length	36-91	
%GC	48	
>>END_MODULE
>>Per base sequence quality	pass
#Base	Mean	Median	Lower Quartile	Upper Quartile	10th Percentile	90th Percentile
1	39.34915455214738	40.0	38.0	40.0	38.0	40.0
2	39.2947080861249	40.0	38.0	40.0	38.0	40.0
3	39.28059551448859	40.0	38.0	40.0	38.0	40.0
4	39.28722691860107	40.0	38.0	40.0	38.0	40.0
5	39.292909564190175	40.0	38.0	40.0	38.0	40.0
6	39.28977928921993	40.0	38.0	40.0	38.0	40.0
7	39.288904701530946	40.0	38.0	40.0	38.0	40.0
8	39.288315442035525	40.0	38.0	40.0	38.0	40.0
9	39.29080010458812	40.0	38.0	40.0	38.0	40.0
10-14	39.28298290936063	40.0	38.0	40.0	38.0	40.0
15-19	39.270016228795996	40.0	38.0	40.0	38.0	40.0
20-24	39.2594575998016	40.0	38.0	40.0	38.0	40.0
25-29	39.242681667053525	40.0	38.0	40.0	38.0	40.0
30-34	39.22391918809754	40.0	38.0	40.0	38.0	40.0
35-39	39.187364981185155	40.0	38.0	40.0	38.0	40.0
40-44	39.18457766882055	40.0	38.0	40.0	38.0	40.0
45-49	39.17202434138247	40.0	38.0	40.0	38.0	40.0
50-54	39.160258374910214	40.0	38.0	40.0	38.0	40.0
55-59	39.15111466079435	40.0	38.0	40.0	38.0	40.0
60-64	39.15461118533308	40.0	38.0	40.0	38.0	40.0
65-69	39.14214698122551	40.0	38.0	40.0	38.0	40.0
70-74	39.111905348644584	40.0	38.0	40.0	38.0	40.0
75-79	39.10144738475821	40.0	38.0	40.0	38.0	40.0
80-84	39.08124295168912	40.0	38.0	40.0	38.0	40.0
85-89	39.05717500155797	40.0	38.0	40.0	38.0	40.0
90-91	38.39267780829998	39.0	38.0	40.0	35.0	40.0
>>END_MODULE
>>Per sequence quality scores	pass
#Quality	Count
31	3.0
32	430.0
33	8917.0
34	70641.0
35	293850.0
36	746787.0
37	1402369.0
38	2607464.0
39	1.0590782E7
40	835130.0
>>END_MODULE
>>Per base sequence content	pass
#Base	G	A	T	C
1	25.352038154733524	26.745308287026393	21.93464715973722	25.96800639850286
2	24.657723802433456	22.71999785460167	25.473959684148078	27.148318658816795
3	23.47113312265502	24.5733981551383	27.513542678425207	24.441926043781475
4	23.30445277464823	25.263223762289165	26.91412497838443	24.518198484678173
5	23.800737661920355	24.85454989667116	26.442036038707773	24.902676402700713
6	24.5568472505564	24.63756543705721	25.6760540717626	25.129533240623793
7	24.2806393286257	25.675691673439488	25.626997418757547	24.41667157917727
8	23.565935822171667	25.049376759594434	26.146996455503658	25.23769096273024
9	24.053311676416083	24.540592314512363	25.674657124480106	25.73143888459145
10-14	23.9038281115252	25.488304430745952	25.850258115721047	24.757609342007793
15-19	24.188225828559855	25.25004542359939	25.951983030484975	24.60974571735578
20-24	23.88890846510445	25.517364244807204	25.971100118176853	24.62262717191149
25-29	23.94533904189449	25.445009307835832	26.09230084502567	24.51735080524401
30-34	24.123667829997327	25.12580655963097	26.124509753659535	24.62601585671217
35-39	23.83730938608005	25.23779703846658	26.07479626041318	24.850097315040184
40-44	23.921768078101994	25.390126675155845	26.056635641181526	24.631469605560635
45-49	24.081755595413757	25.331564099686283	25.86266677796824	24.724013526931717
50-54	24.22150559839579	25.161550270649553	26.020394911538492	24.59654921941617
55-59	24.19788834902051	25.485148697397815	25.94502763194911	24.37193532163257
60-64	24.03134990977605	25.46262556335307	25.915742361536992	24.59028216533389
65-69	24.124076191487127	25.33170060490483	25.83746144454293	24.70676175906511
70-74	23.726090589294113	25.50840552293328	26.09865434890696	24.666849538865645
75-79	23.927900591594465	25.726539893696334	25.690564442046593	24.654995072662608
80-84	24.070559500984707	25.942552681360713	25.444593997149845	24.542293820504728
85-89	24.459859372659544	26.23796311433924	24.865754128005115	24.4364233849961
90-91	24.822629010246423	26.023085793652672	24.511950219608973	24.642334976491927
>>END_MODULE
>>Per base GC content	pass
#Base	%GC
1	51.320044553236386
2	51.80604246125026
3	47.9130591664365
4	47.822651259326406
5	48.70341406462107
6	49.686380491180195
7	48.697310907802965
8	48.80362678490191
9	49.784750561007534
10-14	48.661437453533
15-19	48.79797154591564
20-24	48.51153563701594
25-29	48.4626898471385
30-34	48.7496836867095
35-39	48.68740670112023
40-44	48.55323768366263
45-49	48.805769122345474
50-54	48.818054817811955
55-59	48.56982367065308
60-64	48.621632075109936
65-69	48.83083795055224
70-74	48.392940128159765
75-79	48.58289566425707
80-84	48.61285332148944
85-89	48.89628275765565
90-91	49.464963986738354
>>END_MODULE
>>Per sequence GC content	warn
#GC Content	Count
0	38.0
1	23.5
2	8.0
3	7.5
4	21.5
5	37.5
6	53.5
7	81.0
8	113.0
9	185.0
10	310.0
11	445.0
12	614.5
13	871.0
14	1199.0
15	1667.0
16	2221.5
17	2974.5
18	4722.5
19	8570.5
20	19010.0
21	29348.0
22	32722.0
23	36732.0
24	45436.5
25	56859.5
26	66192.5
27	72729.0
28	82760.5
29	93998.0
30	117181.0
31	146247.0
32	163006.0
33	171219.5
34	189310.0
35	229867.5
36	265350.0
37	296816.0
38	335598.0
39	381554.0
40	427431.5
41	463936.0
42	500966.0
43	555528.5
44	596061.5
45	645806.0
46	710617.5
47	752901.0
48	799480.0
49	860334.5
50	896326.5
51	889931.5
52	878414.0
53	872098.5
54	850277.0
55	821923.5
56	811546.0
57	761978.5
58	632418.5
59	512555.5
60	432066.5
61	343437.5
62	261396.5
63	187218.0
64	135133.5
65	109335.0
66	84521.0
67	68741.5
68	58100.0
69	38131.0
70	23750.0
71	15722.0
72	9641.5
73	8179.0
74	5905.5
75	2797.0
76	1443.0
77	947.0
78	712.5
79	509.0
80	296.0
81	189.5
82	144.5
83	97.5
84	62.5
85	48.0
86	29.0
87	17.0
88	7.5
89	2.5
90	3.0
91	4.5
92	4.5
93	3.5
94	2.5
95	1.0
96	0.0
97	0.5
98	1.0
99	16.5
100	32.0
>>END_MODULE
>>Per base N content	pass
#Base	N-Count
1	0.0
2	4.2279791594451277E-5
3	6.0399702277787534E-5
4	1.328793450111326E-4
5	4.8319761822230025E-5
6	3.0199851138893767E-5
7	3.0199851138893767E-5
8	6.039970227778753E-6
9	0.0
10-14	3.6239821366672523E-6
15-19	7.2479642733345045E-6
20-24	4.8319761822230025E-6
25-29	1.2079940455557506E-6
30-34	1.570392259222476E-5
35-39	1.5725334818385568E-5
40-44	1.5808976008237207E-5
45-49	4.890943394874484E-6
50-54	4.919201379462128E-6
55-59	1.7323521175449416E-5
60-64	6.229128448627711E-6
65-69	1.0047146359883081E-5
70-74	3.1722200417791526E-5
75-79	1.4096961825350485E-5
80-84	0.0
85-89	3.113037020288129E-5
90-91	0.0
>>END_MODULE
>>Sequence Length Distribution	warn
#Length	Count
36-37	37655.0
38-39	36474.0
40-41	36092.0
42-43	35320.0
44-45	35799.0
46-47	35918.0
48-49	37395.0
50-51	39715.0
52-53	38028.0
54-55	39542.0
56-57	42696.0
58-59	42578.0
60-61	44327.0
62-63	48846.0
64-65	52009.0
66-67	57025.0
68-69	62863.0
70-71	69089.0
72-73	80502.0
74-75	58439.0
76-77	40153.0
78-79	35100.0
80-81	36964.0
82-83	36575.0
84-85	37420.0
86-87	38579.0
88-89	90256.0
90-91	1.5311014E7
>>END_MODULE
>>Sequence Duplication Levels	fail
#Total Duplicate Percentage	75.48968130005649
#Duplication Level	Relative count
1	100.0
2	33.35819074219703
3	18.736610895680233
4	12.28272364888684
5	9.002901537543726
6	6.780649185128942
7	5.4085202158526995
8	4.719744013883993
9	3.799115980150229
10++	77.08327683922228
>>END_MODULE
>>Overrepresented sequences	warn
#Sequence	Count	Percentage	Possible Source
CCCGGACACTGGAAGGATTGACAGATTGAGAGCTCTTTCTTGATTCGGTG	23570	0.1423620982687452	No Hit
>>END_MODULE
>>Kmer Content	warn
#Sequence	Count	Obs/Exp Overall	Obs/Exp Max	Max Obs/Exp Position
GAAGA	3634075	2.7155795	5.1739817	85-87
AGATC	2183835	1.5658209	5.1511235	85-87
>>END_MODULE
