##FastQC	0.10.1
>>Basic Statistics	pass
#Measure	Value	
Filename	SRR6819020_2_paired.fastq	
File type	Conventional base calls	
Encoding	Sanger / Illumina 1.9	
Total Sequences	17635037	
Filtered Sequences	0	
Sequence length	36-91	
%GC	48	
>>END_MODULE
>>Per base sequence quality	pass
#Base	Mean	Median	Lower Quartile	Upper Quartile	10th Percentile	90th Percentile
1	39.376679164324976	40.0	40.0	40.0	38.0	40.0
2	39.32636166286467	40.0	40.0	40.0	38.0	40.0
3	39.31263348072363	40.0	40.0	40.0	38.0	40.0
4	39.31886595985027	40.0	40.0	40.0	38.0	40.0
5	39.323092886054056	40.0	40.0	40.0	38.0	40.0
6	39.31876916390932	40.0	40.0	40.0	38.0	40.0
7	39.31993695278326	40.0	40.0	40.0	38.0	40.0
8	39.32063845400494	40.0	40.0	40.0	38.0	40.0
9	39.321798417547974	40.0	40.0	40.0	38.0	40.0
10-14	39.31561005514193	40.0	38.8	40.0	38.0	40.0
15-19	39.30423614081445	40.0	38.0	40.0	38.0	40.0
20-24	39.29527790613652	40.0	38.0	40.0	38.0	40.0
25-29	39.27919507058591	40.0	38.0	40.0	38.0	40.0
30-34	39.26302365002126	40.0	38.0	40.0	38.0	40.0
35-39	39.22831040245936	40.0	38.0	40.0	38.0	40.0
40-44	39.22744062988597	40.0	38.0	40.0	38.0	40.0
45-49	39.21471321019284	40.0	38.0	40.0	38.0	40.0
50-54	39.20348897871702	40.0	38.0	40.0	38.0	40.0
55-59	39.19204121301832	40.0	38.0	40.0	38.0	40.0
60-64	39.19651853283261	40.0	38.0	40.0	38.0	40.0
65-69	39.18345239597947	40.0	38.0	40.0	38.0	40.0
70-74	39.15703744085293	40.0	38.0	40.0	38.0	40.0
75-79	39.14471962485749	40.0	38.0	40.0	38.0	40.0
80-84	39.12518102701901	40.0	38.0	40.0	38.0	40.0
85-89	39.10295199568044	40.0	38.0	40.0	38.0	40.0
90-91	38.43393908128771	39.0	38.0	40.0	35.0	40.0
>>END_MODULE
>>Per sequence quality scores	pass
#Quality	Count
31	4.0
32	399.0
33	8415.0
34	66603.0
35	280830.0
36	731443.0
37	1417078.0
38	2703934.0
39	1.1426902E7
40	999429.0
>>END_MODULE
>>Per base sequence content	pass
#Base	G	A	T	C
1	24.711436670079003	26.595730987125233	21.85976133761443	26.83307100518133
2	23.59934877339867	23.73226604844256	25.652954696020064	27.015430482138704
3	22.26574673932816	25.290626331158418	27.59970844370087	24.843918485812544
4	22.85250209200181	25.772804492514695	26.61546287747966	24.759230538003834
5	22.476056165516116	26.132819809674157	26.245924302892764	25.14519972191696
6	23.20810473291538	25.037787009026186	25.72611590261632	26.027992355442116
7	23.46854996318408	26.198768530938555	25.51928589878047	24.813395607096894
8	22.44678278211526	26.08251131908726	26.283769779872852	25.18693611892463
9	22.93256270061984	24.729695714207057	25.90795832363909	26.429783261534016
10-14	22.944963130328443	26.082857418995744	25.90693716969022	25.065242280985593
15-19	23.139965499814863	25.65477525143442	26.0889926857988	25.116266562951918
20-24	22.767168259482744	25.889064033931636	26.16432972578347	25.17943798080215
25-29	22.9484963909345	25.8967897768964	26.115199311189386	25.03951452097971
30-34	23.140504378250505	25.57502976971727	26.08562587015706	25.19883998187517
35-39	22.973915572176935	25.688221717267464	26.10053709495676	25.237325615598845
40-44	23.014835585800203	25.9254710757259	26.084870209788473	24.97482312868543
45-49	23.198760950802978	25.736549669685864	25.83016399389625	25.23452538561491
50-54	23.086587656105532	25.736261333540227	26.05329378587213	25.123857224482116
55-59	23.165337038066387	26.047103017986643	25.949611018672393	24.837948925274578
60-64	23.177941362013694	25.921192731444876	25.842878252766898	25.057987653774532
65-69	23.05581051155241	25.81556854895354	25.94122398084253	25.18739695865152
70-74	22.93594619055025	26.101032258348276	25.987519097492395	24.975502453609074
75-79	23.04796587520044	26.122289620576854	25.76150274658074	25.068241757641974
80-84	23.03087176442629	26.311731085478918	25.69200554520345	24.965391604891337
85-89	23.37245188341467	26.593789067562483	25.23632177750008	24.797437271522764
90-91	23.668650877380635	26.11287447284421	24.915657749031535	25.302816900743615
>>END_MODULE
>>Per base GC content	pass
#Base	%GC
1	51.544507675260334
2	50.61477925553738
3	47.10966522514071
4	47.61173263000564
5	47.62125588743307
6	49.236097088357496
7	48.281945570280975
8	47.63371890103989
9	49.36234596215386
10-14	48.01020541131404
15-19	48.25623206276678
20-24	47.94660624028489
25-29	47.988010911914216
30-34	48.33934436012567
35-39	48.21124118777578
40-44	47.989658714485635
45-49	48.433286336417886
50-54	48.21044488058765
55-59	48.003285963340964
60-64	48.23592901578822
65-69	48.24320747020393
70-74	47.91144864415933
75-79	48.11620763284241
80-84	47.996263369317624
85-89	48.16988915493744
90-91	48.97146777812425
>>END_MODULE
>>Per sequence GC content	warn
#GC Content	Count
0	18.0
1	13.0
2	8.0
3	11.0
4	27.5
5	47.5
6	66.5
7	91.5
8	132.5
9	226.0
10	343.5
11	463.0
12	614.5
13	830.5
14	1191.5
15	1704.5
16	2297.0
17	3129.5
18	5287.5
19	9961.0
20	21743.0
21	31856.5
22	34183.5
23	37956.5
24	49121.0
25	61934.0
26	71234.5
27	77689.5
28	88314.5
29	102806.0
30	129093.5
31	160262.0
32	181376.5
33	193890.0
34	216033.5
35	266738.5
36	310379.0
37	349126.0
38	396409.5
39	452539.0
40	506186.0
41	546549.0
42	585523.5
43	635283.5
44	670969.5
45	713814.5
46	782647.5
47	830620.0
48	869468.0
49	920622.0
50	948714.0
51	938449.5
52	920600.0
53	905339.5
54	865082.0
55	803652.5
56	773675.5
57	725659.5
58	610330.5
59	493831.5
60	402454.0
61	316591.0
62	242717.0
63	179936.0
64	133204.0
65	104062.0
66	78407.0
67	62230.0
68	51374.0
69	33689.0
70	21318.5
71	14127.5
72	8767.0
73	6505.5
74	4532.0
75	2473.5
76	1427.0
77	928.0
78	663.0
79	448.5
80	270.0
81	173.0
82	104.5
83	60.5
84	40.5
85	28.0
86	12.5
87	7.0
88	3.0
89	0.0
90	0.5
91	1.5
92	2.0
93	1.5
94	2.0
95	1.5
96	0.0
97	0.0
98	0.5
99	13.0
100	25.0
>>END_MODULE
>>Per base N content	pass
#Base	N-Count
1	0.0
2	4.5364237115011444E-5
3	1.1908112242690502E-4
4	7.938741495127002E-5
5	9.63990038693993E-5
6	4.5364237115011444E-5
7	1.1341059278752861E-5
8	1.1341059278752861E-5
9	2.2682118557505722E-5
10-14	3.402317783625858E-6
15-19	6.804635567251716E-6
20-24	1.3609271134503432E-5
25-29	5.6705296393764306E-6
30-34	1.2475165206628146E-5
35-39	1.9303416459446384E-5
40-44	1.9395782359743592E-5
45-49	9.172366164801416E-6
50-54	6.914858454230414E-6
55-59	1.6222399079846983E-5
60-64	1.1654285775021191E-5
65-69	8.210932666821432E-6
70-74	3.78349471711815E-5
75-79	1.1917146089481464E-5
80-84	1.198206404832606E-6
85-89	4.337658782409541E-5
90-91	0.0
>>END_MODULE
>>Sequence Length Distribution	warn
#Length	Count
36-37	36108.0
38-39	34970.0
40-41	34483.0
42-43	34075.0
44-45	34153.0
46-47	34708.0
48-49	35505.0
50-51	38017.0
52-53	36041.0
54-55	36825.0
56-57	40055.0
58-59	38837.0
60-61	39243.0
62-63	42775.0
64-65	44436.0
66-67	48125.0
68-69	52141.0
70-71	56111.0
72-73	65692.0
74-75	50751.0
76-77	39510.0
78-79	34579.0
80-81	36378.0
82-83	35706.0
84-85	36714.0
86-87	37834.0
88-89	88624.0
90-91	1.6492641E7
>>END_MODULE
>>Sequence Duplication Levels	fail
#Total Duplicate Percentage	72.89813184000964
#Duplication Level	Relative count
1	100.0
2	32.90193573471825
3	18.556114088927153
4	12.086538728580553
5	8.812175410336879
6	6.959757824867387
7	5.598911322798345
8	4.787957897075569
9	4.0686533174105035
10++	83.95173160774294
>>END_MODULE
>>Overrepresented sequences	pass
>>END_MODULE
>>Kmer Content	pass
>>END_MODULE
